1000
2
27228613 47
95528006 53
2
81802566 47
43728838 71
2
56087721 70
4504072 5
2
36878530 52
79045894 45
2
30706062 77
36584047 76
2
93121237 64
28445005 10
2
3845902 38
6471147 23
2
31041811 68
4898022 68
2
4870200 69
37299210 25
2
57940482 93
83425498 30
2
89333136 33
55673166 82
2
57181826 82
30269565 6
2
1429903 14
10387546 81
2
34254649 58
3617648 52
2
99983050 16
95480993 74
2
56822808 97
46553658 64
2
98988020 5
89427320 19
2
32118273 4
18198970 27
2
71353640 64
74054801 26
2
15474391 96
3071844 35
2
30073710 46
92698186 48
2
14384915 7
98863695 44
2
15345532 73
77769551 14
2
11015544 55
82836918 4
2
39959090 87
35980059 26
2
73178598 78
86353790 26
2
7493927 72
64915253 6
2
75114928 39
49131452 81
2
89682894 98
53665379 3
2
96915791 89
91687187 20
2
39157394 65
45585669 50
2
1818229 55
29241960 92
2
42758575 49
73974851 0
2
13527491 78
36649125 33
2
3633757 94
34636728 59
2
66234686 32
61002091 29
2
74924253 95
74598340 56
2
88994311 41
84333819 36
2
93775368 44
12605777 10
2
8590279 59
58653724 28
2
65483359 71
94710371 36
2
99069288 58
96471773 16
2
24008171 18
92385566 72
2
68395671 84
11591351 49
2
54581624 88
56063696 30
2
21304647 27
8273301 43
2
37439513 11
69640328 72
2
29927535 91
32561329 8
2
72656401 43
11752912 82
2
63302916 69
151134 35
2
90607614 64
42538193 90
2
63409792 78
89810594 40
2
13867602 59
2641899 98
2
85668502 68
23786291 62
2
89383193 86
38148877 66
2
91761270 77
16193895 43
2
78577332 64
67728106 78
2
56084546 35
27590249 47
2
18794809 76
9201697 85
2
74470111 21
70765062 31
2
29708494 76
77829648 57
2
14101580 80
32285185 61
2
37177272 62
30014545 17
2
49892943 82
51265385 48
2
54213120 46
74223205 51
2
18269898 20
57132163 78
2
58997988 93
21410765 94
2
94973426 38
42817907 38
2
30612115 50
87296249 42
2
88033516 7
58282750 63
2
97011923 10
75351701 11
2
80581140 36
41657385 29
2
22048753 63
88931414 42
2
75760287 4
10260216 74
2
13175474 44
80940188 75
2
60923782 21
99718438 83
2
65718139 82
46179911 21
2
15649805 1
77481065 40
2
74504795 9
21903764 87
2
45686090 83
94772378 96
2
11485517 45
92632048 27
2
76591427 3
42790520 40
2
10824311 37
59620272 2
2
19073982 38
27385261 91
2
27807302 4
52239763 64
2
87046180 74
24514865 11
2
59918318 5
99431573 68
2
52597639 65
20221120 47
2
60889943 39
20707932 20
2
95165637 91
55161194 34
2
71525189 59
53298934 18
2
67288615 26
7286965 87
2
67258022 42
77360582 49
2
82392779 73
6236879 62
2
40430496 65
87283839 94
2
22180102 3
59187057 4
2
74637828 71
42812292 22
2
76227695 62
64335549 23
2
61427728 79
65615518 35
2
87919488 15
72819183 2
2
84085243 85
55305459 96
2
64905068 79
86591666 76
2
71538852 11
30788780 56
2
2151469 96
80540148 14
2
40627837 25
16058668 22
2
49632757 62
10280926 32
2
85099405 0
47796402 3
2
61775493 93
78635635 49
2
82480064 99
58558154 42
2
70387271 35
75267553 0
2
9780448 52
22204915 7
2
74697130 72
73801446 23
2
93755487 2
80726188 24
2
24837564 29
98227957 3
2
24347157 12
37636251 71
2
58332593 96
66773628 5
2
68477982 5
30109682 28
2
88546485 90
47660922 35
2
23610134 88
29338612 53
2
84664573 29
37509124 52
2
58841242 62
25092465 10
2
2395802 44
74899550 97
2
54196245 77
66865062 85
2
78296161 84
12118960 44
2
68178275 63
12253764 59
2
85319070 7
82119556 84
2
93516049 5
80709516 44
2
19180969 68
63286616 92
2
49836451 72
48061001 79
2
51908671 5
55958730 71
2
27288281 32
25796074 81
2
23331541 88
54184611 82
2
52273701 17
21266090 5
2
55850343 95
14297740 61
2
54089510 56
50262078 42
2
80080954 22
68348142 72
2
16986635 84
2654262 15
2
28705005 51
64191782 68
2
48085619 71
37958300 20
2
27543580 99
72357794 56
2
81562458 64
40226035 6
2
523227 68
23758141 79
2
38117494 52
26049176 55
2
99496381 23
11692143 2
2
57942945 90
31518196 74
2
57352560 96
62992854 97
2
21323061 34
17009681 39
2
61776202 89
95075548 35
2
84841729 73
12542914 69
2
61805788 60
93991174 62
2
39208931 78
79602382 28
2
11615200 14
43147222 59
2
65623856 57
73240930 1
2
16400692 5
18657889 28
2
28570708 96
92996235 74
2
73550343 97
94918263 32
2
56971521 75
50736848 22
2
41618762 92
87490248 21
2
73627664 66
25391 71
2
37369582 26
1270439 59
2
48024822 29
50807212 89
2
31305146 63
37256259 45
2
7337737 70
44882825 87
2
44721564 10
75485131 19
2
70062687 31
48346750 84
2
251422 83
70307279 92
2
89351645 62
11156906 19
2
46748889 87
44270579 69
2
96518997 38
65503796 73
2
10322996 0
33131212 20
2
55738234 68
91673490 7
2
84984179 9
68136668 48
2
98788208 59
61412194 97
2
444412 98
54948224 4
2
20929514 58
13690511 81
2
7422889 43
61728018 15
2
54081228 5
91246292 20
2
70930519 93
50413384 13
2
4384756 82
29632093 2
2
54450692 68
65138314 8
2
61498326 64
21346365 17
2
32854701 63
57447920 13
2
19097134 80
47970222 62
2
87232109 42
2559938 16
2
2963141 17
40522508 78
2
15258324 53
14893078 81
2
13205684 36
50752136 70
2
39810534 42
20835642 88
2
81409095 60
28700174 45
2
90778062 42
54137587 50
2
76245002 2
75795092 83
2
84909656 27
87424223 36
2
93262229 61
47034751 28
2
2557736 46
66466434 20
2
44760182 12
79029102 11
2
45225482 60
76981396 43
2
61990910 8
5203671 37
2
63394912 95
92297804 83
2
29309875 61
24152177 12
2
89099573 42
30466505 49
2
60616833 74
54264788 65
2
11515473 25
24471545 26
2
91456270 51
66634078 37
2
12275933 52
64323904 63
2
79604353 2
80761557 29
2
90546437 72
55137529 91
2
8895499 39
18275015 18
2
14047753 67
31221160 85
2
12899016 76
85119262 53
2
30281844 80
41361581 18
2
46019529 73
72842687 54
2
52958077 46
35604657 77
2
84815575 53
44902666 55
2
41399570 84
74945326 72
2
94631477 79
33331614 11
2
34226627 28
96969874 13
2
6906044 61
19895882 32
2
21282393 25
46143609 17
2
28583084 28
3300543 25
2
19081379 59
48937165 22
2
9319202 94
81278583 0
2
79465886 36
96377124 19
2
96818707 36
85757030 96
2
51759625 52
25570483 60
2
24244649 58
84328286 27
2
18870503 76
97233553 15
2
27750162 79
1106781 24
2
84249811 4
97413588 68
2
96463296 97
39275902 84
2
94829130 82
73944746 21
2
80170858 81
70333691 53
2
76133706 21
74818429 28
2
84966417 75
64563322 9
2
78806921 60
80185760 61
2
10964902 27
22268460 88
2
92370006 27
63737765 37
2
6359226 56
30417159 5
2
60779520 24
57508267 29
2
31461854 83
34437358 73
2
646825 73
54231561 31
2
54942013 91
26212281 66
2
54642990 5
41699272 60
2
20461482 98
32499300 39
2
38215256 94
47783809 19
2
26416725 82
91718448 12
2
90188350 2
65369481 16
2
87080770 92
47755494 71
2
63850770 68
29935411 69
2
15812148 55
91031434 83
2
45387163 22
29234151 40
2
5521021 59
70085138 43
2
78456484 7
5088843 55
2
31039485 85
46196464 45
2
56546983 94
54003915 37
2
953483 28
53745959 38
2
84496783 47
78320717 87
2
48430012 61
66007311 35
2
48394748 14
86733374 29
2
82688025 11
66212646 53
2
60358797 4
15831867 97
2
15296828 2
78492989 32
2
56289 56
85319763 67
2
65227628 4
20498530 89
2
37732800 80
62611838 4
2
77233940 91
69585940 44
2
66550777 8
27326327 66
2
68494724 54
69241772 52
2
62228230 66
79316383 28
2
8924576 77
74872047 98
2
44448969 72
94943709 10
2
90647105 23
53725059 7
2
76891122 5
98500063 71
2
60928873 14
63423646 76
2
392505 85
65625390 40
2
1072176 55
17599754 70
2
38654206 59
96294265 97
2
8174430 93
99408516 57
2
93654366 67
44727526 11
2
60789231 36
26883720 2
2
47632882 23
78602780 34
2
26317705 44
17085022 47
2
60370164 96
67756187 43
2
88939318 47
67192365 1
2
14988899 72
41380933 69
2
17376118 13
81581007 95
2
68492625 60
60428680 63
2
5299738 61
59797482 11
2
71605245 95
74135640 97
2
41005725 34
90892618 53
2
1465832 40
47197994 80
2
43257833 21
54526322 64
2
58367371 63
94582795 63
2
4811602 40
4133789 53
2
47735414 11
65162577 59
2
85671641 75
59066247 3
2
94993451 70
85277339 69
2
85319161 22
58888679 77
2
54294390 2
81303449 60
2
92494157 16
80498095 34
2
92260805 69
36681250 83
2
66306785 48
376443 28
2
89817214 68
96731014 54
2
167454 8
44232375 41
2
64916023 95
86456298 91
2
59594663 83
86573045 72
2
39854321 5
57508898 48
2
82221651 35
84996395 20
2
80805710 55
32697784 35
2
2502275 9
52362105 33
2
78302939 73
26419153 88
2
41864032 21
31860507 36
2
83700418 52
91088540 47
2
72353129 91
41960726 31
2
97812754 33
86563856 39
2
87512431 13
11070703 78
2
88761929 61
53658550 33
2
18706566 66
39722527 6
2
88591368 5
78391168 41
2
32468170 74
31744325 30
2
49337313 5
68467778 89
2
68235238 24
16066326 83
2
26561096 62
20130448 21
2
62533901 13
99902494 50
2
43607049 26
25975717 67
2
25986279 44
27256129 47
2
48648919 73
31249194 33
2
51863751 20
46147799 93
2
37634884 92
14199265 93
2
25786520 93
28100533 3
2
17657630 89
39380275 28
2
85954534 30
18189061 99
2
31636620 52
995222 57
2
51714332 11
29210757 15
2
91678924 90
7175614 1
2
1357447 47
91710787 42
2
58346342 95
17310745 58
2
35264722 37
57237072 70
2
37993514 71
66708962 45
2
17431556 9
2376296 48
2
56978745 88
92450595 93
2
39913174 53
45000083 16
2
31002327 35
79733050 89
2
44726073 50
88637063 36
2
23110839 55
37117137 49
2
82762877 18
32038027 60
2
6708965 33
6326556 89
2
92568337 75
97773123 73
2
89746953 54
90907043 6
2
37901462 31
43264688 96
2
44584218 56
10787149 4
2
13235483 40
41077265 12
2
51583782 33
63448966 26
2
677080 57
6706630 75
2
7802973 67
48032320 91
2
41291410 99
56830924 43
2
40720813 33
1111731 17
2
77353759 11
85388707 64
2
63323623 84
13458193 6
2
22818785 72
41280856 77
2
16611053 38
74516641 31
2
44181392 95
9604607 46
2
44920172 94
49497131 94
2
44109631 46
90214026 67
2
5054429 91
42509924 29
2
73470129 68
17807310 14
2
74153243 86
21971890 36
2
48587507 35
35406059 94
2
76881293 25
55576351 34
2
67718841 88
69134974 81
2
62143054 1
35459293 52
2
97477364 78
38954065 55
2
34552397 21
40822968 26
2
72428966 4
19308680 42
2
33253310 83
73893031 85
2
96472200 92
38074818 86
2
452196 64
7840787 75
2
30962233 45
39654745 22
2
67935897 55
3729257 80
2
17655515 40
938545 51
2
97566334 86
24403474 87
2
33633247 33
36029049 55
2
52253827 45
31668709 98
2
12091245 30
95773163 83
2
2582078 27
92559454 40
2
32283939 74
96668406 87
2
71334689 86
2420214 40
2
35716052 29
41001642 29
2
596175 47
27621176 80
2
52450308 19
34962776 1
2
77568102 75
71266001 93
2
14694332 74
64790563 12
2
50696858 81
74118054 7
2
53464400 63
43957845 37
2
61813301 15
81608382 32
2
84849584 58
5016458 39
2
58142884 15
31659894 92
2
75049817 51
6870303 17
2
45121515 58
54173795 4
2
25429754 58
33469758 37
2
14703277 57
58924819 1
2
23763020 87
47860017 85
2
71639394 81
77347012 70
2
97850162 68
41212449 18
2
42584011 47
37875169 71
2
52583376 24
55066405 67
2
30916 2
88764977 85
2
52246624 25
75699531 4
2
35834770 7
34228859 51
2
22781411 56
90953761 10
2
70898657 38
34193500 29
2
78121825 36
49626705 89
2
70800951 8
12374381 31
2
26884401 15
88480855 27
2
23393603 75
24077588 90
2
3564642 69
17949871 93
2
16025375 95
22114875 94
2
94641048 76
22028220 90
2
76767015 5
63330074 40
2
96404823 0
3302659 82
2
38750371 66
9211434 77
2
14369007 17
62172571 75
2
75886751 7
67185933 75
2
7848667 1
39162858 69
2
45860051 18
773392 95
2
91316488 24
93195749 91
2
41966194 76
76801282 27
2
33890528 7
60253610 78
2
63156842 66
2706636 88
2
70055974 83
72536109 3
2
80371090 0
83820355 63
2
24260768 69
44982441 20
2
14700130 71
20021669 73
2
77204271 31
50040738 11
2
44870078 72
57847390 62
2
78583549 16
79679083 87
2
84422153 51
92499256 53
2
11493217 11
94895381 3
2
34080994 64
36944935 83
2
30774789 75
9625582 49
2
44694749 6
75258178 42
2
94190281 51
45599847 5
2
46307577 70
92969482 69
2
70586372 81
88054962 73
2
22332225 74
41238619 31
2
24958569 64
66007550 64
2
36758594 13
73377346 67
2
12158521 5
70308179 70
2
21452563 68
85311491 20
2
39700241 61
14769563 23
2
49638258 4
83436816 55
2
89782569 99
25956775 84
2
55344463 56
97123484 57
2
16618122 78
27268164 4
2
16685864 81
35063544 40
2
61364690 48
80241549 94
2
87670435 49
75182124 42
2
55454587 77
817565 39
2
47969038 8
205781 53
2
56808663 51
46292809 49
2
9238750 33
50754628 93
2
99694003 27
49173864 21
2
14932908 24
40497911 88
2
34880298 0
84047004 13
2
25755371 71
6993950 21
2
46874582 80
12330867 66
2
52762386 80
38266887 78
2
60966961 97
82684898 66
2
33115548 84
24779149 59
2
25872739 23
53297398 22
2
73258884 24
70626645 37
2
95375754 37
66458653 76
2
19407090 97
52896162 10
2
27420473 17
55745768 84
2
45230507 58
19721803 94
2
5399840 6
21318059 11
2
5159581 21
29867912 9
2
31232800 43
87297336 97
2
49715645 67
58240379 32
2
27020008 27
91284864 99
2
32884841 41
38772046 47
2
33128304 45
94048563 95
2
52230641 77
41888301 38
2
93458531 92
74391180 72
2
52032156 51
85182895 39
2
89696450 90
24798222 70
2
87310240 88
96742476 98
2
21139868 30
42161383 37
2
1740795 99
45572516 89
2
17740136 8
92310240 34
2
56991581 73
49818166 89
2
97454438 17
34513955 41
2
47152599 95
43014969 34
2
93289058 41
95756771 3
2
7958109 93
70761325 15
2
86649253 40
82581016 59
2
17022284 15
66956649 82
2
58402484 76
79710211 15
2
82121384 78
64691915 34
2
45051685 50
42337846 30
2
89922552 55
82381814 40
2
47741693 19
3262652 66
2
15365332 39
2701696 95
2
62916020 92
92729167 58
2
89204607 87
455032 27
2
42523038 49
37147276 1
2
19193021 31
94655056 55
2
61743287 64
83913766 51
2
34450836 85
57327160 41
2
84512502 13
15528942 29
2
77672309 76
12437102 20
2
70612762 10
95385322 12
2
56461146 26
67657740 50
2
15053247 38
65810528 1
2
35673376 85
7957498 72
2
73331985 85
89806255 22
2
16945007 33
45935836 1
2
25497130 21
93213832 81
2
74553687 86
91911558 3
2
47206116 57
86000064 73
2
41665338 22
72362124 43
2
89890636 32
92408418 10
2
16865696 34
8315065 33
2
59789360 90
25119053 2
2
95307504 76
92620751 49
2
13154929 18
81487259 51
2
49680151 40
42863733 29
2
6204712 38
12385991 1
2
56996322 14
33929960 85
2
25347202 53
6665514 31
2
88312535 78
28654111 4
2
36800548 78
81429302 40
2
54486508 79
4443468 11
2
2741574 9
52967950 12
2
29984607 94
1482215 32
2
58219494 93
65278991 88
2
49669380 55
31312984 50
2
16418687 15
69467169 49
2
85789258 1
29677156 11
2
94821433 47
66631565 33
2
25281909 81
45992170 4
2
29894810 19
95910531 11
2
81817054 75
86333599 57
2
60108623 38
43536788 13
2
18903759 23
50662698 95
2
67341388 69
48324145 14
2
27280675 69
8898357 22
2
87380536 94
80627285 6
2
86305579 73
77126877 74
2
42898105 66
29362796 84
2
73080877 67
31068381 12
2
15669700 10
61599682 65
2
79474597 22
18267740 27
2
4681013 76
15475078 5
2
42556030 93
29017951 54
2
57811353 72
83074952 59
2
39184757 16
69702908 40
2
43131877 44
4927597 37
2
2716506 76
69485772 59
2
34085778 21
23875024 91
2
86504547 78
80403763 22
2
59192544 70
80660362 23
2
7577530 69
56796190 73
2
58127949 69
70430421 28
2
17557126 52
31995727 4
2
6432134 88
59001370 44
2
31175119 10
75954470 37
2
75473096 7
52005363 68
2
18131225 68
61160944 74
2
38650408 84
43398481 0
2
90870122 27
43623788 34
2
56511314 14
86391450 56
2
38908434 83
53294193 63
2
88128011 4
41403972 21
2
29264660 34
98464515 91
2
13083185 89
20476983 6
2
60929829 52
28070155 79
2
21749756 67
74982606 75
2
64584904 13
62252157 32
2
42257248 1
18953549 64
2
69182623 45
57706018 93
2
48553102 76
95393674 99
2
96517590 90
6055161 27
2
55974563 21
11887730 28
2
78959157 19
20913362 83
2
29942120 53
21603794 25
2
11206442 71
37239501 52
2
84853427 25
74453427 12
2
39031441 51
97136273 81
2
23835342 18
19579435 44
2
82968465 17
61958769 78
2
76609483 49
40976852 11
2
80891116 52
80027506 30
2
92505608 51
1649176 32
2
33583115 66
41538904 42
2
43539733 26
34836649 25
2
85443589 93
82995574 35
2
54302734 42
23935876 54
2
12494094 63
16350198 61
2
94867067 83
307464 53
2
37554549 81
80988255 10
2
3397928 94
18126286 19
2
22849898 20
90660227 66
2
72253008 21
58398091 4
2
51566561 63
16341543 19
2
60452853 85
27772773 2
2
33843729 28
52939048 44
2
64411890 77
16160920 50
2
17773 11
63317438 66
2
64426937 94
6066779 20
2
93453639 48
37458093 15
2
60961088 20
66626208 1
2
76392961 55
60643525 62
2
19754087 26
24517355 8
2
91184569 94
25838054 29
2
18435460 97
59280041 68
2
72009236 68
60147970 76
2
18058358 46
67948556 56
2
52605662 61
60229542 68
2
44509045 92
17195608 22
2
32297562 0
29956829 39
2
60489239 9
74123117 69
2
13980297 90
97025270 17
2
80024847 40
1399816 5
2
70362062 28
61261356 11
2
79343420 76
94106639 1
2
69651244 27
95704122 40
2
79141884 71
6322498 27
2
15503001 31
55165146 63
2
67241228 84
79405099 17
2
5133168 62
75504930 56
2
53844811 79
88005852 61
2
53489873 87
62054969 32
2
36246158 70
34345929 95
2
98253701 97
44996214 54
2
97241092 56
46159019 44
2
70342110 53
65906618 20
2
24136999 33
99662120 70
2
79798730 81
47931201 71
2
2873323 16
39222359 6
2
7324529 33
53307605 58
2
83807062 49
16028073 12
2
91089156 28
23483942 91
2
93773357 34
33095303 26
2
9839510 96
22432215 80
2
27765634 48
92604384 47
2
68095347 2
11397737 64
2
1540331 53
73565102 9
2
35123767 91
36670989 56
2
90700246 86
51544487 0
2
226384 85
59956858 41
2
49693782 13
21059820 51
2
66273099 91
41674460 33
2
78731507 41
69613155 37
2
93967621 24
8958830 42
2
76957467 64
32851560 87
2
59713440 65
17198385 74
2
30829677 90
27892988 91
2
44439417 97
84549475 46
2
52487694 53
36245121 46
2
1621988 51
34368255 66
2
34915218 85
29847387 23
2
38833910 27
47574042 99
2
7151792 46
90973454 37
2
83274622 78
19074564 0
2
26710929 26
17744396 73
2
48524634 13
60043601 27
2
18004696 1
74440826 72
2
91354328 38
20604410 92
2
64820746 16
1001973 69
2
26662174 42
48359625 42
2
36735469 16
85945559 39
2
37235949 56
48916598 7
2
82890167 34
45249059 97
2
51633696 51
16572096 42
2
88704615 21
92728515 7
2
42716345 84
18364640 25
2
32240425 75
66326835 74
2
24684892 39
64782429 19
2
7019756 53
30006017 29
2
46280073 87
92051806 23
2
65055176 43
14162569 34
2
61393729 76
88969746 75
2
53229173 91
21387998 37
2
39530639 59
23936308 12
2
72815050 82
43777865 24
2
94357359 93
2134098 21
2
95676000 87
50951772 19
2
99277286 49
79462989 11
2
55602291 25
7750755 75
2
76870837 34
83139445 97
2
67860569 26
18679518 8
2
84812476 81
87356750 58
2
63104767 7
29515644 17
2
94961055 41
97406197 11
2
14832075 50
36850060 72
2
82489284 62
73994972 91
2
41388330 38
37680035 48
2
50035318 13
38584391 10
2
25371770 5
48862627 45
2
52608010 40
92142866 31
2
57076919 70
60004981 2
2
34615899 78
5657170 55
2
8127116 95
56212611 32
2
64559654 76
99187038 17
2
79089179 94
98725022 57
2
64402744 87
26560084 79
2
69255524 4
66390271 14
2
76001457 45
44823739 66
2
92644901 99
34871760 12
2
41953787 2
58373615 48
2
94658515 44
48513331 24
2
9202773 5
77615377 87
2
91564986 59
34644210 33
2
22139056 27
45574743 0
2
69963924 59
45424423 41
2
88389578 78
71232107 81
2
81951039 78
78280162 90
2
44935131 96
2653208 93
2
48791884 80
76488631 99
2
84769873 40
31510645 17
2
38008832 8
36784504 48
2
46476680 75
86204425 29
2
49416069 61
52355167 21
2
68863454 24
14710761 88
2
32255282 85
82969697 53
2
24143154 28
68073697 51
2
56931530 83
97016930 70
2
30960136 88
5735289 43
2
47651201 21
52128372 18
2
20724626 68
96720937 59
2
64143164 33
28096263 90
2
76727229 37
88701314 1
2
6053920 30
30378674 78
2
56843692 9
64648680 25
2
2246952 98
11418565 94
2
94536926 36
12713611 35
2
92761453 59
70776646 96
2
66610033 32
33213594 73
2
38979701 95
10149646 41
2
74579917 6
46635083 16
2
86335337 44
88258981 57
2
71503038 80
52730921 27
2
39392414 66
66646317 64
2
76928787 94
50985966 21
2
80241347 60
48557860 95
2
31645838 90
5205124 87
2
70632373 55
3485024 99
2
48582412 58
40511110 38
2
41605062 59
84643299 44
2
75773747 49
22381794 10
2
63477860 83
3911073 11
2
81044780 96
22208626 16
2
27041963 57
5100097 23
2
36686119 23
96284491 35
2
7833138 45
90111958 50
2
81812550 79
34330304 76
2
97638700 13
76465246 16
2
5798611 96
55320503 61
2
99938016 58
37071609 56
2
77960680 80
31520490 89
2
10520424 23
66200953 48
2
8369313 56
90011676 89
2
51976706 93
80843037 87
2
94086032 55
79134510 65
2
38002393 80
99801176 48
2
39587587 6
18176748 73
2
1070543 35
9416949 99
2
36014309 43
31675923 94
2
76536149 0
82049230 26
2
52946487 29
3810866 8
2
66967331 33
87061482 67
2
63754540 93
39699436 25
2
56708687 30
4516900 89
2
79431782 7
73373657 66
2
83086591 31
19875945 94
2
74288273 82
55257536 37
2
90478308 25
96115214 99
2
12248306 65
73697005 72
2
80340746 94
59603902 22
2
45186184 7
65085080 81
2
48349419 77
26093600 57
2
23106156 31
2977027 86
2
81739510 58
10052151 57
2
84170993 45
87377101 38
2
94478996 49
56872319 40
2
61394430 72
41863706 18
2
74287042 97
26776008 54
2
75646872 69
32245676 76
2
83886865 89
14900194 26
2
67335166 59
80175721 43
2
17858257 30
8965055 30
2
40056043 23
44874596 40
2
29459636 51
85718107 34
2
85163425 39
54693982 81
2
5491381 36
89968836 98
2
36383973 96
18518518 22
2
92086741 24
99293418 51
2
51206151 57
7891278 43
2
57306929 57
39202193 13
2
30637875 35
20142884 85
2
86512404 0
29132654 29
2
81783477 5
42719561 7
2
19459161 50
54860930 37
2
85005770 57
83956765 53
2
68947547 41
85502248 72
2
58586857 83
20378992 70
2
44283266 87
6052256 59
2
99178182 47
89285626 64
2
80655292 9
39600787 74
2
53653179 25
21322551 42
2
24845915 97
76902657 96
2
19052766 70
63105215 21
2
18217251 28
40790841 71
2
59699768 83
49866135 82
2
78385554 55
4380201 97
2
97577451 61
76910732 40
2
93990413 46
70185560 17
2
91467149 26
58321928 98
2
35324189 96
82136180 74
2
7872272 24
33146784 24
2
13806606 22
6108992 55
2
95675493 26
72376447 38
2
79910671 55
16780638 41
2
19408703 11
10244484 51
2
54975862 1
28768048 50
2
19409539 7
87579086 16
2
73326269 29
17757907 6
2
41945546 52
38473613 88
2
56515347 88
47729705 93
2
24164554 5
80631143 23
2
47883610 69
25899953 22
2
42019437 87
26028253 19
2
33666973 60
61314705 97
2
63643270 73
80705547 72
2
7657840 51
71824903 73
2
39786444 1
74004510 45
2
53307876 12
20196301 60
2
95556807 39
23471420 3
2
6690721 37
33665031 90
2
92767994 69
49265137 53
2
83469826 81
72529177 67
2
22002655 79
35758799 0
2
63647146 93
40565917 86
2
54213769 55
60846608 73
2
52657658 77
6358674 81
2
24109524 41
3047293 89
2
51208092 87
89011550 71
2
77247986 24
79552092 31
2
40619085 71
93881522 0
2
17350290 28
59075112 70
2
17171865 33
58918567 12
2
78738878 73
90507513 59
2
2322119 64
61386220 14
2
47436607 0
31923930 49
2
56598811 46
33959880 26
2
35398350 41
89767504 79
2
85252224 96
11609391 16
2
33082456 29
3878214 11
2
94940667 27
40674865 30
2
77000690 80
13509918 1
2
37509868 48
3362372 16
2
51722318 59
19967908 91
2
32190340 4
24442257 99
2
17095384 70
2413023 92
2
29454137 70
30029068 10
2
2883930 53
69472506 41
2
27624167 72
90989111 23
2
85638598 7
98294592 34
2
73349507 38
72560885 44
2
34190780 20
52037335 27
2
98076997 6
53479734 92
2
77499331 45
16674883 70
2
89512935 45
31013364 5
2
59077237 77
87854007 93
2
90186999 0
43417627 88
2
41944774 11
77076073 16
2
94865659 48
19554326 80
2
51675352 87
46386488 46
2
18335448 93
97004528 56
2
18750295 79
21472909 12
2
53041109 81
97847156 47
2
36577279 20
22252581 10
2
72420843 20
41574847 64
2
8654283 42
37170653 61
2
90797128 47
90723940 76
2
19765771 91
73018094 66
2
46296594 34
83675604 55
2
35635675 79
78752435 39
2
86648062 78
20683161 70
2
49978231 7
77522443 63
2
71924158 90
14207948 7
2
18361614 86
13104052 3
2
38866472 93
40371056 7
2
44310297 92
97630812 76
2
39803961 9
25703848 1
2
35159403 40
72534825 3
2
61859286 87
67409806 17
2
79640063 50
30022263 51
2
66621688 73
86065877 18
2
18047709 59
62383794 0
2
6034448 6
82901303 7
2
19879891 97
15189301 38
2
31060451 36
49970218 49
2
37429045 0
67382435 22
2
88232910 29
20748405 31
2
60465433 66
40892167 63
2
32257131 83
91199256 79
2
92718962 59
87428129 99
2
28791088 85
23716468 59
2
3646379 47
15623573 22
2
55311068 36
34340374 65
2
8811842 96
92677049 33
2
90813070 84
42927687 64
2
43365099 15
56525563 55
2
94355947 76
74089662 20
2
67657095 1
50924434 64
2
88391154 21
21902373 19
2
4674968 71
97102290 32
2
78066195 95
29406417 31
2
64751020 33
53048470 62
2
85253115 90
88993956 91
2
92323402 46
61989479 3
2
55076419 99
27430859 0
2
18601347 58
38981351 0
2
87863123 37
7863307 2
2
83226855 78
56162518 14
2
6612770 58
10293734 33
2
20639376 10
65857119 6
2
54011542 70
17323626 26
2
12917439 3
70051705 67
2
66556552 67
19382496 85
2
67468288 45
4207723 57
2
38108349 60
22667550 98
2
97883263 62
66850116 52
2
9798191 30
62410975 79
2
56767923 4
74464012 51
2
93533090 38
31822785 14
2
24929584 57
83549218 35
2
23296569 63
42113671 98
2
8700 12
77040852 13
2
29601142 14
8982313 68
2
16223772 47
92009362 4
2
40511403 1
47502864 32
2
31980861 23
44975299 73
2
63616305 64
8843805 48
2
92723555 75
79790718 42
2
6496125 25
62803330 43
2
63238394 16
24599258 71
2
26414220 57
8347618 81
2
60288754 62
13834402 4
2
35441169 85
15830949 95
2
38596395 48
29106558 70
2
62826168 65
40871860 70
2
84969217 99
11335288 46
2
90322799 31
89292630 37
2
7356375 22
46138786 81
2
43898230 10
26567457 1
2
46405229 63
48482253 34
2
5335679 24
91343624 10
2
62514090 36
25128637 90
2
61215053 81
54526811 87
2
49810724 17
95694629 66
2
57373381 75
28642327 96
2
86948436 35
53578924 65
2
83297180 49
9305641 90
2
89074344 94
58137903 48
2
24233410 87
23339067 59
2
89183348 98
79592351 43
2
39522051 34
68124678 39
2
43548487 39
76976620 91
2
66244903 84
50067099 4
2
45401615 54
36404222 26
2
19619467 77
32023723 56
2
87544138 6
50726717 51
2
81820581 63
45372601 22
2
40907132 7
32781055 85
2
10576163 52
261199 55
2
71797900 98
23799828 19
2
38433220 16
20598178 56
2
70631087 85
71250330 75
2
48940961 15
84825376 36
2
88340270 57
49438490 32
2
43211208 16
54553597 34
2
49438031 7
38545953 0
2
67842332 58
82060266 55
2
12234158 39
28465625 61
2
14106036 58
74045130 74
2
46519917 34
29044949 40
2
10153358 26
49436482 51
2
27268796 38
47424936 61
2
44451061 26
41324386 55
2
66638124 81
38386019 65
2
81106744 97
79330965 48
2
90618535 66
18235809 34
2
8879456 71
63301668 87
2
57110503 3
75994572 7
2
70442961 18
56686441 10
2
94782794 62
72351077 27
2
23334468 32
75538365 44
2
33191215 63
22231046 35
