1000
011000
0
0
111010
010110
0110
00001000
01
0100101001
111
000
0000
0000000
10111
101110
0
01111
10000010
011111
000100001
0
1001100011
0001101
111110
01
1001
01111001
0100000
01011
10011
1
11101
10
00000
11101
1110101
100000001
11001100
11
1
100100101
000011
111101111
1
0110
111010111
0111011
0
0100011
01
010011111
1
1110000
000100
0
1000011110
111
111001
001001
1
0111001
011011100
11011
00000000
101110111
10111
0110101010
10
00110011
0
0001111100
1100011100
100000
101101
10111100
00110001
001100001
01110110
01110000
001101
0000
101
0111110000
1
00
1011
001011011
1
1
1111010101
001010
1110111
00001010
1100011
1011111001
0010
1100011
0110
0110010011
1001
00
00101
100110
10
1101
10101001
11000101
111111
0110
0100100
110100
001001110
00
010
001000
101111011
0
00
00011
01
11
100011001
01
001000101
1000011
11
011
01000
011110
010001
0110111
0010010100
01
0100000
0001111
010010
011
00001
1110
0001110000
010110
10
10
1010
100
1100
0001
1100001011
0101100
0110001
00
00010
11001101
010111000
011100
01000
00011010
0010001
0110
0101
01001
11
00
10
0
1010000
110011101
10
1
001
011010101
11011000
110
01
0
0
0000101
11000
0
00101110
01
1111010001
100101111
0101
011
100100011
1001
1
0110100101
100000
11
011100010
000011
010000
111111101
01110
0
0100001
00
110
10100
0100111
001000
101000
0
11
1011001
1001
1110
001
01
111
1110101010
0011100
1
100
010001
00000010
11001111
01010
0001
00001
101
11111101
11110
0
11010
10000
0000100100
101
100000110
1
11
0100
0
11001011
011010
1
00
000101111
10010010
011010101
00
1010
11010
0100010
0010
0111101
01010
1010001
111000011
011011110
010111100
1
11010
1011100101
101
00100
0100000101
101011100
1111
101010
1111
0000001
01
0
00010110
11
10101011
0
0110
100111001
01100
00
001
11101110
1110
111
01
0011001010
11011110
110101
11110
011011110
0001001101
0100111000
0
1110
01
101000010
0011
0
1000010100
111010111
010000
001101101
00
111
01
000
11111110
010000111
1011110101
10000111
1010000111
0001001
000100100
1110
001110
01001
1
1110010
1010000
111
1011010110
01
010010
10
00101
011
00001110
100110111
0001
10010
10001000
00011111
100
10
111101
10010
1001001000
10
0110
0
011
10110
11001000
1011110110
1011000010
110010011
0010
011101100
0100101011
11
11100
0011011
1
1110
101100100
1010011
011100
011100
01110
010010
01
0010
1101001
10
0101100
1001110
01011011
1011011
110
1
100100
011011111
000101
011101
0011
0110011
0010101000
111001101
11111
011001010
11100010
10100
01100
1011101
11011
0001110011
10001
0011000
11
10111000
0011101
100
1
1101101
1010000000
001101111
00001
10
01
0100100
11001101
00001
1100000100
100011
1100011110
1001110
0101110001
0100111
01110
0010000001
1111100
00
0
01
0
001
0110100
1000111001
01001001
11100
10110010
001100101
1111
001111
11
1100101
1
10110100
1110
0101010011
0100010001
0111011
01110
010
1011
0011000010
01100100
1
1100011100
0101011000
1101
11000101
0100011111
11000
1
101110
01
10000110
010110010
1100001
001100
10
001001010
01011
110101110
011110
1
1000101
0101
0011000
00111
1
010100011
0111
10110
0001
0010
100101
00
1000101101
0
10010
00
11001
001001
00100
101
0010
1010010
1110101
000101000
0101111011
000000
101
0100
110110100
0001010111
0010
110000
0011
00000111
010100000
10011010
010010001
0111
0001010
1100000
1
1111000
11110011
11
1011010
10
10
0111000100
1
01011000
000
01000
011
1
111110
0101011
0100111101
001
11000
0
1011010000
01011100
11000110
1011110001
01011001
011100100
1101110100
00
1000011010
0101000
0011000
0111000110
001001100
1101110
1100
11011010
10
010
00
0100110000
10100011
100
101000
00
0010110000
11011001
0110
101101
10
100111000
11100001
00
111
1011
1
11010
010010
1000110101
0101101111
1
1100
11
101
10000
00111110
01000
01011
01
1001
1110
100011
100
0111000011
0000111
10110
10000101
1110
1110100101
11
0111011010
0
00111101
1100101
01
0
001010110
0110001
1110000010
01
0011
1000100
1101111101
100011101
100111
111
1011111
010111011
0001100111
101
01011
0001
001110101
001001101
01011000
0111111101
01
01011
01
100100
011101
0100
0011111110
1010011010
011110111
10110011
01100100
1000
10110
0
1110
11100001
01001101
0110001
100
100
0110001011
10100100
10
000
1
0111011
1110
1
1111100110
01001
0111
000
1
1
0010
01011
011000110
01011001
0011
1100000010
0101011
01010
1110010
1010111001
1101111000
100010
1111
1010010
0001
1
01110111
1
11
110111
011
1
1
110000
110011000
011000
101
11010
00
0101001011
0111110110
100010
1
1111
100111000
0000
0101100001
1001000
011000000
11111100
0
01001011
101111
0111110011
1101000010
10110
010001110
0
00100100
111011
011100
00111
11010011
10
10
1
1100000001
010000
1
010
0000011011
11111100
1
0100101011
001011111
1100
101001
0
01000101
0111
0101
110
001011011
1000
1001110101
011100
011110
0011110100
00000
1000000
001010100
11011
011111
0010011101
110010000
110001
1
110000100
11001111
1111001
101111010
10101010
01111
1000111
11001010
10
01001110
1001101
0
111110
0
1111111
1
101001111
11
011
1000
11100
101100
1000000010
101111
00
1001
100100011
0
00011
110011
00110111
11111
1000111000
01010000
10100
01010
1011001010
01110100
000
01100
011
01011
010011
10100011
01011
11
1001100
111
1
0010
111
000001
1000100
11101
01111
011
011
001
1010
000000
011001
01011011
0001000
00001101
110000001
1100
0
0100000
11
1
00
11011
10011001
11000
010
0010000
11011
1
1011111
11111111
111001
0011100
111110
1000
01000010
0011100
01110101
0101101010
1
11010
0
10
1
11110
100110000
101
1010010
0001
00
11111
0000011
011010110
101
0010010
0111011001
1
110
011101
1000
00000
1110
010
0
110001110
01111
1
1100001011
11010
0110110111
0011001
111
0000
10110
0100110110
01100101
011001111
10010001
000110100
0001
01111000
001
111
1
0111101000
01100000
101
0111011111
1
0001001
100000
100001
110
0
11
0010011101
1110010000
011101111
1100000011
000010100
101
11010111
000000001
010010111
000000111
111100
11
0011
111
100010010
1001100
111101111
0
00100011
0110110010
0100010101
1
11
01010
010011
00
0000
10
01011
10000111
0
0
11111100
1000
110111101
110011
0100011101
001110
0001
0001011001
00
0110001011
00
11111
000
110100111
10
01
011100010
111011011
11010000
0100
1010011010
11
011000110
011101010
001011
011111011
1010000101
001110
11111
11011101
01000100
101
0011101110
0001100
01110111
00
00101001
1010
0110100
0101110011
0001101
110110001
1101
0011111
01
111111011
11
1000
0
111110111
100101
10
01
10
00
010110010
1001
0001
1
110
101111111
0000001
001111
1110011
1010000010
1011
1110
001
000011
001110000
01
0
1
1010
110111
11100110
00000000
00010111
101000
100
01
00100
1100100
110
1101100110
1100101
11
111010110
0
11101
11111
001101
01001011
01111110
000001
11101
1
1
1010
1010
00010010
111110
001001
01
001101
0111001011
1011101
