100
10 10
43 82 90 71 65 76 49 68 17 88 
39 23 13 89 85 30 0 67 42 37 
10 8 24 78 33 81 69 80 98 60 
2 19 63 56 57 28 79 25 20 66 
92 99 22 84 53 32 12 77 64 51 
59 97 16 9 15 55 48 52 50 62 
18 93 14 44 61 41 36 34 70 73 
75 21 11 46 96 74 26 45 58 91 
38 5 95 35 6 29 83 7 3 1 
40 27 86 72 31 87 94 54 47 4 
10 10
30 25 36 11 31 95 78 35 21 33 
93 73 16 63 50 72 90 43 42 96 
82 4 62 65 59 22 17 58 71 45 
69 13 18 61 67 88 51 54 2 14 
97 74 85 23 7 34 84 91 47 87 
94 0 15 40 83 19 66 77 6 12 
81 98 49 76 27 64 70 53 86 79 
8 52 75 28 89 10 57 56 46 92 
55 48 44 68 38 9 37 99 5 24 
29 60 3 26 39 32 80 20 41 1 
10 10
65 42 29 40 81 2 43 36 90 19 
85 84 68 79 22 0 9 20 33 5 
45 17 83 86 23 37 75 52 32 57 
97 89 58 39 35 21 30 38 54 31 
11 44 76 56 4 96 93 34 80 78 
25 18 87 63 3 7 8 82 64 50 
62 60 95 72 61 49 92 71 46 59 
10 69 88 73 91 6 41 70 94 66 
77 53 16 74 12 67 1 98 13 51 
28 15 48 55 47 26 24 27 14 99 
10 10
12 72 43 30 63 38 33 9 81 27 
41 36 65 93 67 83 16 25 39 35 
14 99 44 8 47 69 71 20 5 64 
46 34 58 32 91 28 82 11 52 59 
56 60 95 26 92 62 88 3 6 78 
22 86 79 40 2 51 76 68 10 96 
57 48 50 55 23 29 17 54 90 85 
21 77 74 4 19 53 15 42 0 1 
7 49 80 73 66 87 13 31 98 61 
37 84 18 45 24 94 97 70 89 75 
10 10
77 4 87 68 58 94 49 35 98 73 
72 17 91 86 34 22 53 26 40 13 
54 70 52 56 9 6 69 99 51 83 
90 66 30 48 37 1 79 82 63 15 
78 60 41 80 65 46 95 93 44 42 
21 92 55 74 14 39 45 88 3 89 
76 38 29 84 33 5 8 20 23 19 
57 32 31 7 2 11 16 25 85 67 
75 10 97 47 28 96 36 61 24 81 
12 27 18 43 0 71 64 62 59 50 
10 10
33 73 44 86 2 8 94 57 59 40 
37 23 58 16 19 52 45 95 87 3 
98 17 36 50 90 12 26 48 89 64 
9 66 79 85 54 15 13 31 25 20 
24 35 82 92 14 77 28 55 41 42 
84 97 38 29 4 62 80 53 74 56 
5 10 69 1 83 39 11 93 99 68 
22 18 76 46 43 47 51 65 61 6 
70 60 30 96 63 81 78 75 21 27 
91 49 72 32 7 34 67 0 88 71 
10 10
11 51 85 61 28 67 5 0 65 82 
1 55 27 80 96 15 4 68 92 26 
60 98 56 43 62 49 21 84 57 72 
86 31 59 22 76 23 19 83 81 77 
64 7 24 94 37 66 2 8 35 41 
13 45 38 87 17 50 44 40 33 75 
78 99 90 97 74 3 34 36 20 29 
88 53 69 32 70 16 10 25 18 42 
71 79 30 14 91 9 89 63 47 73 
48 54 58 93 52 46 95 6 39 12 
10 10
18 87 6 49 26 85 53 69 55 4 
5 35 13 64 2 96 8 81 32 9 
70 41 22 10 84 23 77 12 61 39 
88 83 24 7 0 30 57 58 91 89 
46 42 40 11 62 52 3 20 25 73 
50 45 38 16 47 97 27 37 93 14 
28 17 60 71 33 74 99 90 98 80 
34 56 19 21 86 36 75 54 68 59 
92 44 15 63 48 66 67 51 94 78 
76 31 79 29 95 43 82 65 72 1 
10 10
10 78 47 71 74 73 65 28 44 76 
21 56 36 59 68 75 2 30 9 20 
1 94 53 25 98 26 32 29 37 35 
41 6 0 66 50 91 54 27 67 99 
58 11 42 34 60 33 57 13 88 85 
15 72 46 49 64 18 31 45 7 4 
70 81 55 87 61 19 23 22 69 95 
79 12 86 92 16 82 84 63 96 17 
24 52 93 14 83 51 39 97 38 77 
80 3 89 40 90 43 8 62 5 48 
10 10
79 27 52 7 3 55 59 18 6 60 
34 75 47 12 41 66 44 84 96 78 
2 98 35 4 40 73 21 45 53 46 
39 28 87 91 86 62 8 10 37 77 
1 32 48 68 36 14 23 85 22 5 
11 97 67 24 56 61 69 9 65 33 
16 42 30 13 58 50 19 38 83 72 
31 15 94 64 89 43 82 93 70 63 
54 74 29 95 0 92 80 49 20 26 
17 90 81 51 88 71 99 57 25 76 
10 10
23 95 18 63 93 59 72 6 31 29 
21 56 1 58 48 69 53 70 26 64 
12 40 50 68 92 34 9 38 14 36 
71 44 52 4 74 55 42 83 39 90 
33 25 66 46 60 73 85 91 27 17 
19 82 5 10 79 77 65 54 51 86 
11 49 84 16 30 15 47 0 43 75 
96 62 76 24 13 80 3 35 2 89 
97 41 7 88 22 20 37 99 28 32 
8 61 67 78 57 87 98 81 45 94 
10 10
19 56 91 77 31 3 65 63 89 44 
15 38 58 0 62 6 11 13 26 85 
53 27 7 90 49 83 59 22 68 32 
2 88 40 24 35 23 57 52 33 16 
25 97 45 72 74 17 98 9 36 82 
37 76 78 1 80 48 81 79 73 67 
28 41 51 60 20 43 75 12 29 54 
64 46 92 95 47 4 18 21 8 39 
71 61 69 84 93 96 86 34 14 10 
5 94 50 30 55 99 66 87 42 70 
10 10
20 0 3 91 82 58 37 96 47 26 
57 94 6 63 12 67 45 32 97 65 
19 70 85 61 89 44 35 80 71 55 
33 95 4 59 39 53 40 2 28 13 
23 76 81 68 34 21 14 77 74 43 
1 52 41 49 5 11 30 48 18 73 
79 9 84 46 72 8 36 27 16 29 
99 54 7 31 10 78 60 51 69 98 
92 50 90 62 83 17 66 42 15 75 
24 93 64 87 38 22 88 25 56 86 
10 10
13 78 93 8 97 57 75 52 4 6 
11 50 63 89 81 41 92 74 21 91 
28 58 56 73 67 59 72 26 48 61 
27 14 77 85 96 33 88 90 37 71 
79 10 1 12 68 47 3 43 38 60 
31 69 32 2 44 51 70 16 46 17 
80 66 82 98 36 34 99 35 53 39 
45 83 7 84 49 30 24 22 86 94 
25 23 18 87 62 76 5 42 19 20 
65 55 54 9 95 29 64 0 15 40 
10 10
7 56 22 99 14 65 11 15 70 78 
79 26 66 63 62 51 73 61 8 41 
94 27 28 5 20 0 64 48 93 33 
13 29 52 25 21 43 45 38 4 53 
2 18 96 82 91 9 6 12 84 16 
31 17 83 75 95 86 46 74 44 80 
88 3 40 54 50 1 34 98 72 58 
36 39 24 59 35 55 69 68 77 57 
30 76 92 32 90 19 97 81 60 67 
42 47 89 71 49 10 85 87 37 23 
10 10
5 28 0 70 6 42 91 10 55 98 
82 9 23 20 8 64 44 67 19 90 
87 59 74 24 36 57 61 27 76 99 
83 29 75 50 38 88 84 62 16 54 
65 97 69 77 80 2 45 49 26 58 
93 35 21 48 60 53 66 30 96 17 
86 7 95 14 81 25 1 18 4 22 
51 41 72 92 43 34 15 94 13 31 
56 11 63 73 79 46 68 52 78 33 
47 85 32 71 12 89 40 3 39 37 
10 10
25 27 62 90 98 48 61 83 3 91 
82 15 18 19 44 69 73 38 72 31 
43 88 4 86 97 11 40 8 39 20 
32 33 80 13 89 45 51 17 76 52 
60 64 68 66 54 28 2 94 49 71 
6 12 34 41 75 7 35 47 93 26 
63 92 50 16 78 37 57 23 24 36 
58 96 55 30 29 59 0 56 10 85 
79 84 22 14 42 9 95 74 5 99 
46 65 1 67 81 70 87 21 77 53 
10 10
80 21 82 48 7 12 58 2 36 63 
61 45 71 0 46 15 4 29 54 51 
53 1 73 16 92 85 34 42 20 88 
5 94 72 70 66 9 75 50 69 57 
22 31 99 44 60 37 97 95 76 28 
17 91 62 25 11 98 8 14 77 35 
67 87 27 41 10 65 59 74 83 13 
55 40 43 6 68 38 30 93 52 64 
3 49 86 79 89 78 47 23 24 81 
39 84 33 90 56 96 26 19 18 32 
10 10
78 76 24 47 57 35 94 2 65 16 
43 59 22 88 23 45 42 32 15 3 
51 85 21 95 18 74 44 93 97 55 
36 87 5 29 40 98 70 96 79 62 
41 11 83 6 13 99 58 26 33 30 
77 68 12 91 48 52 67 4 10 0 
17 28 82 86 73 56 81 89 69 8 
50 60 20 53 66 49 90 25 54 75 
38 72 34 46 61 27 64 14 9 39 
19 71 31 80 1 63 7 92 84 37 
10 10
91 15 32 62 43 82 48 44 28 75 
78 35 88 4 9 66 70 59 97 65 
47 36 83 51 90 34 46 52 80 67 
22 26 57 45 76 25 56 41 61 24 
42 18 5 98 85 79 49 72 60 53 
30 99 31 38 84 12 39 50 86 33 
55 16 40 92 96 89 29 17 71 1 
11 69 37 21 13 54 0 94 7 14 
23 73 93 81 64 27 74 8 3 6 
58 19 95 77 20 87 68 10 63 2 
10 10
52 56 79 55 90 77 54 15 17 86 
63 75 61 80 91 34 9 37 92 76 
67 53 74 42 14 62 94 23 93 46 
8 26 13 83 43 66 69 59 73 64 
78 82 84 11 24 51 22 35 5 20 
28 44 81 40 95 88 31 96 2 38 
70 87 97 50 99 49 25 48 32 30 
21 36 58 16 7 41 68 10 85 47 
19 4 27 72 39 1 65 0 29 6 
98 57 45 89 18 60 3 33 12 71 
10 10
0 45 71 56 43 68 27 82 34 66 
72 24 63 84 4 17 75 96 79 57 
97 80 74 9 15 36 38 33 60 25 
86 21 12 59 28 31 11 49 93 53 
90 76 41 54 16 7 61 70 14 85 
58 81 67 50 89 10 88 69 42 65 
94 32 13 99 52 30 77 39 22 35 
55 78 2 92 3 83 6 51 23 73 
37 87 18 46 64 44 1 8 95 98 
19 40 91 48 29 26 5 47 62 20 
10 10
10 35 60 27 66 40 16 32 46 4 
20 26 67 98 7 41 44 61 48 87 
30 56 57 1 25 14 88 73 28 64 
50 19 24 70 65 8 5 36 85 97 
83 34 78 47 6 80 76 96 68 95 
21 90 38 84 53 59 33 23 43 15 
94 37 89 11 58 86 92 71 13 82 
17 29 99 18 93 52 0 22 2 91 
72 12 69 9 62 49 81 77 42 51 
75 79 45 31 55 54 39 3 63 74 
10 10
15 8 7 2 78 87 52 65 23 90 
88 44 24 67 94 73 89 82 66 13 
40 19 84 4 99 48 39 83 69 95 
20 85 81 57 75 43 26 53 11 62 
25 46 80 59 91 54 63 18 70 16 
76 55 58 28 10 50 38 22 79 12 
9 96 45 92 93 61 41 31 34 14 
21 71 64 29 74 97 3 86 98 56 
49 60 68 36 47 5 0 72 1 17 
37 33 6 32 35 27 51 30 42 77 
10 10
65 43 92 49 38 45 86 62 66 0 
67 40 51 10 79 84 35 25 69 26 
19 68 59 58 61 44 5 28 96 27 
29 50 55 32 31 83 74 1 72 78 
70 34 95 42 24 97 94 14 13 36 
77 11 16 2 63 85 15 91 64 60 
30 7 57 52 8 17 48 81 33 89 
56 39 93 73 76 18 22 53 9 88 
37 20 54 3 12 98 41 90 99 80 
21 46 6 82 23 47 87 71 4 75 
10 10
99 52 70 0 10 73 33 56 84 26 
96 22 72 91 28 61 35 66 98 43 
63 11 44 7 41 50 21 5 49 75 
39 12 23 6 54 59 85 65 13 86 
30 83 37 29 60 95 71 1 38 27 
51 47 90 94 82 19 77 64 3 24 
87 18 16 17 58 79 74 81 20 80 
69 89 14 88 45 2 34 42 68 62 
67 93 55 92 40 31 57 9 36 4 
53 76 15 8 25 32 97 46 78 48 
10 10
91 60 34 20 37 54 30 73 85 35 
79 78 47 44 89 68 8 69 66 21 
83 70 26 17 58 0 96 23 18 95 
2 97 99 74 22 9 33 52 77 63 
41 87 32 39 31 1 19 42 53 71 
7 48 16 43 86 10 75 50 6 55 
3 88 62 65 45 12 67 61 76 90 
24 80 4 36 92 49 40 56 81 28 
64 13 15 82 57 93 38 84 59 46 
14 29 98 5 11 27 51 25 72 94 
10 10
76 94 15 58 27 18 42 77 59 67 
55 93 6 99 10 73 52 86 68 64 
47 35 8 29 31 7 90 85 20 89 
11 26 33 57 45 21 70 61 51 53 
32 12 40 37 17 1 97 46 54 98 
63 83 84 50 3 41 5 91 39 28 
65 49 81 22 78 88 71 75 80 95 
36 44 96 60 62 74 25 38 48 72 
30 24 92 66 2 4 56 82 14 34 
9 87 69 43 79 16 23 0 19 13 
10 10
44 79 12 89 98 56 17 32 19 63 
38 30 74 91 64 31 4 85 6 81 
21 52 58 83 9 80 15 47 29 71 
22 67 20 2 90 37 36 72 18 50 
43 48 24 28 95 77 97 16 53 25 
86 75 1 92 45 55 3 70 60 46 
96 94 69 84 51 23 39 33 7 78 
54 76 57 87 10 35 82 99 0 62 
42 40 68 49 41 8 88 93 5 65 
34 61 59 11 26 27 13 66 73 14 
10 10
5 42 59 4 62 76 79 25 9 2 
98 78 61 12 52 71 92 82 53 23 
87 20 1 45 58 6 36 19 11 80 
13 85 56 91 75 54 64 16 10 40 
46 39 74 65 27 14 66 49 38 96 
51 15 37 32 43 7 81 72 35 95 
55 84 41 60 3 97 47 73 33 86 
94 69 90 0 29 93 17 50 28 26 
57 18 22 44 89 88 31 99 34 77 
83 21 70 48 8 24 67 30 63 68 
10 10
13 57 99 34 80 48 29 96 59 1 
61 21 25 39 98 33 49 50 62 8 
20 60 47 9 26 81 23 51 27 35 
67 58 40 2 55 24 54 36 43 31 
64 6 16 88 69 83 3 65 37 71 
12 18 89 42 19 46 56 44 45 70 
22 38 15 75 91 4 32 84 93 77 
86 94 7 66 74 79 41 95 30 73 
63 28 53 76 85 72 87 78 0 68 
52 97 14 82 92 5 90 11 10 17 
10 10
0 46 4 13 20 85 44 77 18 81 
96 12 91 67 29 89 61 60 28 73 
62 69 37 63 1 75 23 16 43 52 
78 22 64 33 90 86 34 53 72 17 
57 26 19 87 41 84 76 98 70 82 
59 66 31 25 51 24 88 11 39 15 
14 54 95 9 47 8 5 99 49 10 
93 58 83 50 32 68 40 42 2 3 
56 35 65 48 97 30 79 55 27 71 
45 6 7 74 92 38 80 36 94 21 
10 10
55 33 32 77 35 10 7 72 38 91 
4 11 47 89 37 60 45 94 61 65 
18 56 75 23 13 36 84 8 69 16 
66 49 63 2 95 0 86 70 3 44 
1 5 52 64 29 19 26 88 39 30 
22 6 78 24 58 99 68 92 12 76 
17 14 31 83 93 87 98 97 57 50 
90 71 43 15 53 54 62 85 82 41 
81 96 28 42 67 9 46 51 20 48 
80 74 25 27 40 21 59 73 79 34 
10 10
98 96 95 44 72 15 82 25 86 73 
59 14 61 55 7 35 1 85 4 5 
34 91 41 87 84 16 71 46 13 3 
60 17 31 33 74 77 70 58 47 63 
50 2 67 30 65 20 68 66 49 57 
53 94 64 12 54 10 18 48 6 28 
9 43 80 90 38 51 27 40 79 88 
36 81 19 89 69 78 21 11 26 76 
99 52 56 97 83 37 22 24 8 93 
75 23 45 32 42 29 39 92 0 62 
10 10
39 61 31 26 88 28 96 53 56 5 
82 7 6 2 87 72 81 25 60 90 
50 27 0 51 57 34 67 9 44 8 
89 95 83 22 43 65 40 42 11 58 
92 36 29 1 14 85 4 71 12 46 
35 30 62 97 10 21 75 37 73 18 
24 64 33 16 3 48 52 74 78 38 
47 69 99 15 17 20 98 49 80 77 
79 93 94 59 70 63 68 54 66 41 
32 13 19 23 55 76 91 45 84 86 
10 10
35 52 65 61 73 26 3 32 71 23 
7 97 25 10 88 5 79 42 86 77 
4 33 67 30 2 46 15 28 41 36 
91 16 64 94 58 92 93 34 29 40 
69 74 45 11 54 70 39 60 63 20 
85 72 87 19 37 0 43 12 95 27 
6 78 98 62 17 48 38 75 8 44 
80 96 24 55 21 56 14 50 13 99 
49 84 66 57 47 89 83 22 90 31 
81 59 18 82 76 68 51 1 53 9 
10 10
83 85 46 71 20 76 3 7 93 53 
57 41 79 73 99 40 27 14 72 31 
50 2 61 24 91 65 8 43 22 62 
89 97 63 26 88 19 36 35 75 59 
29 9 17 84 52 86 98 74 82 60 
21 28 0 54 32 77 67 58 23 10 
68 42 5 38 90 92 47 55 96 51 
25 33 11 6 64 56 95 80 70 18 
44 16 49 81 87 69 13 45 34 78 
39 48 37 66 15 12 1 30 94 4 
10 10
4 3 59 9 7 21 23 57 56 63 
50 11 61 0 44 58 17 27 81 14 
69 22 68 60 54 30 80 19 92 66 
48 87 98 82 38 43 13 46 47 89 
29 39 84 53 52 40 76 5 94 95 
33 62 26 10 72 97 83 74 12 34 
93 36 55 25 20 96 70 90 79 28 
6 75 88 18 37 65 91 45 15 31 
67 64 71 1 2 49 86 77 8 16 
41 24 51 35 85 73 32 42 99 78 
10 10
20 43 39 86 73 37 6 79 88 92 
50 23 17 94 65 52 62 70 45 63 
35 1 27 13 56 51 98 14 42 66 
55 72 83 34 19 15 3 41 91 85 
80 74 71 61 54 89 47 95 75 40 
69 59 53 87 21 16 30 64 33 8 
57 2 0 49 9 4 96 90 77 22 
11 97 18 99 67 81 24 93 68 12 
38 46 7 60 48 31 26 28 32 25 
29 58 36 76 10 82 78 5 84 44 
10 10
64 6 90 53 97 63 48 95 44 28 
88 83 78 43 1 29 39 26 8 74 
75 72 14 31 67 76 85 37 52 33 
47 45 91 40 19 5 30 4 10 70 
92 71 15 58 46 54 59 23 61 12 
93 96 99 21 25 20 7 50 24 68 
9 18 98 2 55 13 38 34 27 94 
49 86 66 35 65 51 87 69 79 77 
73 57 80 32 60 41 89 56 11 36 
84 17 3 42 16 62 82 81 0 22 
10 10
94 66 56 16 39 8 60 38 93 63 
79 49 23 1 41 89 11 74 20 98 
9 14 32 67 30 84 62 52 46 75 
10 21 45 85 73 42 26 78 50 2 
51 88 5 69 61 18 86 36 48 15 
7 99 13 37 25 57 34 40 64 91 
87 43 24 82 44 76 72 4 95 12 
35 81 19 6 17 83 77 28 58 65 
33 0 80 70 3 59 53 68 27 55 
22 31 71 47 96 90 54 29 97 92 
10 10
23 26 76 97 77 52 14 64 94 42 
69 40 32 63 65 7 9 47 87 51 
93 62 1 67 80 71 43 61 39 28 
66 10 83 50 5 91 20 49 55 21 
8 16 81 35 24 96 98 13 36 84 
33 53 30 4 78 44 48 82 19 60 
99 79 27 73 46 57 29 18 95 34 
59 17 37 86 75 85 25 3 38 54 
6 70 41 88 45 0 12 74 15 22 
31 2 58 11 89 72 56 68 90 92 
10 10
78 60 75 88 71 68 8 18 36 25 
23 52 17 16 98 37 30 89 49 90 
76 35 67 3 70 19 13 21 20 42 
53 29 63 4 43 47 84 62 9 80 
12 27 50 26 85 56 96 34 46 32 
31 91 66 6 97 93 92 55 40 51 
1 65 59 15 45 94 41 72 87 74 
2 38 82 69 24 11 7 57 10 79 
81 99 5 39 22 28 83 58 64 0 
61 95 73 44 48 77 54 14 33 86 
10 10
18 86 78 96 8 2 4 73 52 9 
58 31 43 77 29 92 15 80 99 62 
47 87 76 6 64 25 48 72 34 0 
17 37 54 14 21 88 35 7 38 24 
28 65 98 12 93 33 19 40 36 66 
27 42 51 30 81 95 57 97 84 10 
39 26 71 41 60 68 94 13 74 85 
20 53 91 89 55 61 56 3 90 83 
70 75 22 32 16 46 5 59 11 79 
45 63 67 23 50 49 44 69 82 1 
10 10
51 50 44 91 71 68 3 40 39 23 
28 67 65 58 47 57 7 6 26 93 
97 99 29 98 33 89 96 77 92 55 
32 35 17 25 94 24 64 78 1 74 
56 72 38 53 19 76 8 27 18 85 
41 31 43 13 34 95 61 69 49 59 
62 84 88 14 60 48 30 9 87 16 
63 86 42 4 79 22 21 75 10 70 
66 36 52 37 5 0 73 11 15 12 
46 80 2 81 45 54 20 82 90 83 
10 10
89 76 72 13 98 96 93 26 83 15 
92 10 9 36 4 69 18 5 68 23 
30 3 34 6 60 50 42 53 77 12 
47 95 78 16 0 1 81 57 90 82 
33 65 35 2 21 58 74 24 62 14 
7 38 8 91 85 87 32 51 17 56 
70 99 41 61 31 45 59 52 29 54 
25 46 75 49 39 28 48 88 64 73 
44 79 27 86 22 80 20 55 40 43 
71 66 63 37 67 84 19 94 97 11 
10 10
81 25 28 83 85 52 59 96 67 93 
40 19 70 37 92 55 77 11 34 82 
73 72 42 89 33 76 94 30 91 24 
90 48 47 84 39 75 57 0 43 14 
45 27 62 74 13 71 10 87 8 44 
78 98 22 12 50 18 49 41 53 6 
32 1 17 29 5 54 63 20 64 69 
88 21 79 3 97 7 2 68 23 26 
38 15 51 66 60 80 31 36 9 99 
65 86 16 35 46 95 4 56 58 61 
10 10
82 22 58 16 0 88 94 81 55 14 
13 18 93 99 60 26 2 50 74 25 
53 45 4 9 51 59 15 28 39 69 
75 20 61 78 10 19 65 54 57 67 
40 34 48 30 44 87 33 56 84 1 
47 27 21 73 95 68 17 23 70 11 
12 77 98 6 29 31 76 85 43 64 
71 36 3 79 7 8 91 97 5 63 
24 46 52 32 72 90 92 62 80 41 
86 38 42 35 37 89 83 66 49 96 
10 10
64 91 36 7 42 85 94 19 73 11 
98 72 16 62 38 35 99 63 90 27 
1 39 37 45 51 48 61 58 74 10 
50 29 24 70 4 30 69 66 23 8 
76 5 59 95 96 83 54 89 57 43 
78 82 26 21 0 84 71 52 53 9 
41 44 34 47 6 31 25 97 87 2 
22 40 77 92 17 55 13 15 81 3 
49 28 33 68 93 56 12 88 18 86 
65 60 67 14 79 32 80 20 46 75 
10 10
9 55 78 46 53 95 26 42 92 35 
38 77 84 82 13 72 36 45 89 1 
93 96 66 40 52 49 30 54 2 37 
60 50 3 18 24 79 4 33 10 31 
83 43 39 97 68 74 23 81 41 27 
22 21 87 88 62 28 70 6 8 61 
44 86 48 64 69 71 16 98 91 57 
25 20 67 94 56 5 51 73 75 32 
58 19 59 34 15 47 80 11 7 17 
76 85 99 0 90 29 63 14 12 65 
10 10
58 77 36 4 57 74 90 30 27 48 
68 63 82 71 84 7 69 60 87 6 
29 44 51 76 45 12 85 65 96 49 
54 78 24 8 34 50 55 5 99 86 
31 40 19 42 14 41 25 89 64 73 
17 39 20 62 10 81 61 22 75 94 
37 0 72 13 70 79 66 97 93 23 
56 59 1 15 91 83 52 21 53 9 
11 98 26 43 38 80 18 2 35 95 
3 33 28 46 92 47 32 88 16 67 
10 10
41 83 99 59 17 46 29 72 80 98 
88 44 19 71 34 51 62 1 75 32 
50 56 79 63 67 37 25 20 53 76 
35 31 26 55 89 77 21 54 3 8 
16 68 6 36 90 48 93 22 57 28 
65 82 0 86 45 87 33 97 69 73 
84 4 24 70 96 13 85 47 78 42 
40 39 12 60 94 61 92 52 23 18 
81 66 95 2 38 27 7 30 10 11 
9 14 43 15 5 49 74 64 58 91 
10 10
56 54 80 46 74 39 1 32 4 22 
30 42 91 82 8 47 10 51 65 98 
48 89 33 69 83 41 3 59 12 34 
13 25 58 26 81 79 27 95 68 50 
14 57 86 16 67 31 36 78 20 17 
63 76 70 52 7 37 19 72 60 77 
28 84 15 18 62 87 71 92 9 73 
93 5 55 75 43 38 24 49 40 11 
53 64 21 6 61 45 94 23 29 0 
97 2 90 88 35 44 99 85 66 96 
10 10
41 87 80 63 31 90 25 44 67 2 
99 46 35 49 1 81 37 68 54 6 
89 76 34 9 73 72 59 28 78 84 
45 10 52 61 13 18 24 94 93 75 
39 64 29 92 17 47 30 40 11 74 
86 65 14 83 82 71 36 95 4 43 
19 85 50 32 5 60 57 66 15 26 
69 8 21 7 12 22 79 88 3 77 
98 70 0 20 38 23 53 55 27 96 
62 16 91 42 51 58 33 48 97 56 
10 10
16 43 76 2 14 26 17 75 47 50 
32 91 68 21 51 92 28 59 57 6 
5 85 61 52 4 74 24 9 87 19 
99 81 22 54 48 45 53 36 35 18 
56 93 15 72 41 42 12 97 38 40 
84 77 96 27 44 0 25 79 30 62 
80 20 33 83 65 73 66 49 67 90 
11 60 37 23 46 39 7 82 88 63 
10 69 71 70 3 89 58 29 98 55 
1 86 94 31 34 78 8 64 13 95 
10 10
97 37 89 25 75 28 86 95 20 7 
94 68 36 42 11 33 60 4 87 54 
67 2 35 83 22 93 49 40 27 57 
71 78 58 32 64 77 15 16 24 98 
43 39 41 62 23 84 10 26 79 34 
61 66 50 17 92 82 81 5 38 12 
6 69 76 21 91 0 80 8 45 29 
30 1 99 74 63 48 96 13 73 53 
31 56 14 3 88 70 55 90 44 18 
19 52 85 47 51 65 72 59 9 46 
10 10
19 13 53 1 86 12 75 23 97 40 
3 59 42 41 88 34 56 36 78 38 
9 65 2 22 73 54 50 87 84 61 
25 99 70 81 28 52 43 57 27 67 
64 5 83 4 35 82 71 79 74 80 
16 20 91 46 60 98 89 47 33 32 
8 62 76 37 11 95 90 66 15 63 
69 31 58 0 29 10 94 21 93 48 
77 85 18 49 51 68 92 14 55 24 
17 26 39 72 7 96 45 44 30 6 
10 10
23 27 6 44 90 26 15 88 81 16 
57 95 29 89 10 92 71 85 35 31 
33 43 48 9 62 1 19 39 61 54 
12 36 50 11 2 77 49 82 94 93 
25 20 75 96 40 21 91 41 87 69 
66 98 28 8 86 53 51 37 56 68 
59 42 22 63 24 76 30 72 67 45 
5 83 7 99 34 97 17 80 74 73 
32 79 13 14 4 70 38 55 84 18 
46 3 64 65 47 60 0 58 52 78 
10 10
51 99 90 87 92 44 86 18 94 71 
82 77 6 20 4 41 13 63 0 24 
2 93 88 50 46 52 75 14 34 29 
43 7 45 42 15 26 65 5 84 37 
35 39 78 64 27 9 33 76 16 66 
31 57 74 3 8 98 54 83 60 96 
40 38 25 61 32 23 30 79 80 10 
81 73 89 53 59 1 49 28 58 95 
72 62 22 36 97 70 68 47 56 11 
48 19 12 21 85 69 55 17 67 91 
10 10
33 88 4 21 90 3 56 86 91 49 
30 80 59 57 64 7 34 82 74 25 
41 58 73 26 23 16 76 81 24 95 
92 37 45 38 42 54 71 70 32 43 
53 39 50 17 78 99 20 47 31 52 
83 22 77 67 93 68 8 12 14 94 
72 36 63 27 11 1 5 85 66 48 
87 69 0 19 65 13 18 29 10 97 
89 40 75 28 84 55 46 2 96 79 
9 35 44 15 6 60 61 98 51 62 
10 10
55 38 75 72 88 16 68 71 69 76 
15 62 99 35 22 36 79 89 29 93 
8 2 56 42 3 53 59 4 24 13 
9 74 67 96 60 19 17 27 12 95 
61 28 80 81 18 50 30 32 31 51 
21 90 1 58 52 14 86 0 85 34 
77 48 6 5 91 49 64 43 83 98 
78 54 87 84 65 40 39 41 70 82 
92 26 63 7 94 10 45 25 47 57 
66 11 73 33 44 46 97 37 20 23 
10 10
79 54 37 8 38 25 63 32 97 89 
77 80 17 11 99 20 28 60 92 45 
50 15 88 22 86 67 23 3 81 66 
1 34 75 83 48 42 10 55 16 36 
6 90 71 61 4 64 35 12 98 27 
29 62 44 87 2 14 46 57 96 21 
9 7 39 72 5 30 0 76 53 33 
69 94 84 24 95 58 40 43 70 19 
85 82 78 47 56 68 74 49 52 41 
91 73 51 18 93 31 13 65 59 26 
10 10
75 29 69 28 48 37 74 66 61 41 
40 97 38 56 6 70 2 26 5 23 
8 39 21 60 79 33 90 72 1 27 
81 84 57 30 80 77 83 45 31 53 
89 32 82 96 47 59 71 34 55 17 
24 13 14 44 12 99 63 18 92 16 
94 91 19 78 76 51 54 73 50 35 
15 9 58 86 98 10 0 25 4 67 
20 43 85 49 65 88 68 87 93 95 
42 7 52 62 11 3 22 46 36 64 
10 10
72 56 21 76 96 11 22 89 74 90 
33 27 43 91 68 93 36 9 3 63 
25 82 54 35 84 39 0 7 48 70 
13 95 6 94 1 59 26 17 23 44 
20 50 83 78 73 49 16 28 45 30 
32 2 97 5 37 15 52 62 66 87 
85 51 8 69 47 65 75 77 71 98 
40 88 18 79 42 58 46 81 99 10 
80 86 57 55 38 4 53 60 41 14 
34 12 67 61 64 92 24 31 29 19 
10 10
22 29 51 3 42 86 9 96 48 92 
61 60 40 73 45 64 25 85 7 23 
17 47 2 63 43 55 5 11 49 78 
26 52 65 33 75 20 99 34 87 27 
8 80 58 1 81 53 54 30 6 72 
10 76 36 71 19 88 98 12 94 74 
57 21 13 77 84 62 95 32 15 59 
56 97 14 83 39 28 89 4 35 91 
31 24 82 41 69 93 16 68 66 0 
79 38 50 70 46 44 18 67 90 37 
10 10
83 15 32 48 21 20 43 75 44 72 
28 29 34 51 49 1 54 36 53 56 
64 82 62 39 4 25 57 35 80 63 
98 6 86 84 67 23 37 77 47 12 
5 42 74 61 16 52 93 99 71 27 
30 73 68 95 94 78 55 46 38 26 
50 22 33 88 3 87 14 65 91 31 
8 92 58 19 24 41 81 76 10 0 
66 13 2 7 69 60 17 97 79 89 
45 96 11 90 9 70 59 18 40 85 
10 10
74 97 70 51 58 63 42 83 78 71 
54 6 73 40 64 52 26 80 31 20 
50 59 33 27 13 3 66 86 45 21 
12 35 99 2 43 1 94 79 25 69 
56 84 89 72 87 15 14 61 4 24 
16 67 22 93 34 55 68 60 36 39 
19 95 81 28 17 5 88 91 44 98 
7 11 96 29 57 38 18 75 53 9 
10 77 41 92 37 90 82 85 8 49 
30 32 47 0 23 76 46 48 65 62 
10 10
23 45 19 24 62 44 7 17 53 88 
71 95 98 22 56 78 28 82 86 65 
79 77 49 26 36 92 94 46 75 8 
80 2 72 40 11 42 33 99 50 90 
61 3 38 96 15 84 51 74 1 73 
60 18 21 89 57 59 64 30 9 97 
69 68 43 48 25 37 66 70 85 6 
63 12 31 93 10 4 47 76 52 13 
54 32 55 35 0 34 91 67 87 39 
83 58 27 16 29 14 81 20 41 5 
10 10
2 58 20 7 54 46 0 41 68 49 
94 89 67 25 81 95 29 61 59 16 
43 80 31 79 85 90 77 76 92 78 
70 18 12 9 36 32 19 34 52 87 
13 62 50 73 33 28 65 69 63 30 
91 99 75 93 71 6 96 88 55 8 
47 84 22 21 15 35 1 56 53 44 
42 66 23 37 51 10 86 14 17 72 
3 60 40 83 74 11 98 24 45 82 
57 38 64 39 4 27 48 97 5 26 
10 10
41 99 61 74 23 39 43 18 17 4 
81 90 60 59 93 5 51 32 80 65 
15 76 54 26 36 0 10 89 29 53 
96 52 38 24 56 11 97 31 16 46 
66 50 25 21 45 20 82 58 49 27 
35 86 14 67 44 95 47 78 33 87 
2 83 13 77 1 3 55 91 94 62 
63 75 70 84 57 98 22 64 28 42 
48 6 71 79 12 92 88 72 7 68 
34 30 73 85 8 9 37 19 40 69 
10 10
47 19 12 31 86 77 69 42 79 75 
88 2 53 6 59 34 97 55 85 49 
51 3 25 5 1 43 11 64 9 30 
81 82 10 23 94 26 37 84 39 99 
72 46 62 74 58 0 83 40 96 16 
68 76 18 13 41 90 78 28 44 21 
8 15 65 29 66 61 17 98 67 54 
4 33 22 91 92 38 93 71 20 36 
32 27 56 50 60 35 80 48 63 70 
73 95 45 87 7 52 57 24 14 89 
10 10
91 23 6 92 37 22 56 87 89 72 
5 98 1 83 77 41 86 15 55 81 
88 62 75 46 13 57 8 52 20 67 
29 50 2 64 11 96 79 28 65 68 
80 93 19 40 3 61 33 24 74 70 
60 66 45 44 36 47 34 14 99 59 
39 49 10 43 90 7 0 25 69 31 
12 4 27 78 17 48 38 95 84 30 
9 63 26 82 35 54 42 71 85 76 
16 97 51 53 21 32 73 18 58 94 
10 10
30 42 17 63 3 90 46 75 66 49 
62 95 88 24 14 21 74 93 22 72 
36 6 2 83 8 11 39 89 76 60 
33 86 61 85 18 15 12 56 0 16 
40 92 54 91 37 94 23 28 9 57 
55 44 79 29 45 78 38 7 59 5 
19 98 43 26 67 68 48 99 80 35 
20 84 82 10 1 47 70 64 31 52 
13 77 58 34 53 65 4 87 73 96 
97 51 71 41 27 50 81 25 69 32 
10 10
94 21 90 79 54 39 35 20 16 99 
22 76 44 56 0 95 84 97 61 88 
1 29 89 81 40 59 62 48 67 6 
93 34 87 80 60 32 57 30 14 45 
27 10 51 85 96 98 26 11 41 18 
52 38 3 73 91 46 63 74 64 9 
24 8 2 37 72 36 42 83 77 75 
55 33 70 66 12 31 58 25 53 71 
5 47 78 13 86 49 65 69 19 43 
68 92 28 82 7 50 23 17 4 15 
10 10
51 92 12 52 11 5 95 4 58 76 
8 45 25 29 22 19 13 47 21 0 
61 48 6 83 26 84 23 68 1 32 
53 59 77 97 49 37 3 64 14 86 
79 74 72 35 85 38 31 42 7 33 
9 60 57 24 87 88 50 2 80 90 
89 91 71 20 65 34 66 70 18 27 
54 15 99 63 46 55 69 93 94 73 
39 28 44 75 41 16 17 40 43 81 
36 98 30 82 62 67 56 96 78 10 
10 10
56 74 45 90 2 35 39 88 59 67 
20 84 4 75 42 41 92 98 10 71 
30 99 32 5 77 95 63 38 58 72 
27 94 21 52 14 62 44 6 17 86 
8 9 57 82 11 37 43 68 69 83 
93 53 15 28 25 48 65 46 80 7 
85 76 96 3 1 0 73 24 19 18 
61 55 29 40 60 31 89 22 66 13 
16 78 50 97 23 54 64 91 51 34 
81 47 26 36 70 33 49 12 79 87 
10 10
34 25 82 77 64 38 48 49 22 37 
67 16 7 51 0 8 58 91 1 46 
54 79 61 13 27 62 53 47 5 83 
78 24 35 26 21 87 12 28 3 32 
66 41 40 30 15 11 36 92 69 14 
56 99 90 98 29 9 43 94 76 50 
95 96 52 88 6 59 68 10 97 20 
57 72 65 89 45 23 74 81 2 17 
84 75 55 86 71 60 42 31 63 73 
39 80 33 44 70 19 4 85 18 93 
10 10
74 44 72 81 10 85 91 22 55 73 
36 67 35 92 68 45 52 28 42 38 
89 4 88 98 5 15 31 21 24 6 
0 64 29 60 84 62 66 70 80 76 
12 20 3 71 39 97 56 33 90 48 
63 25 34 59 86 11 16 96 65 18 
1 32 13 79 2 87 37 26 93 41 
27 47 17 69 54 9 61 95 14 7 
23 51 77 19 75 53 8 49 30 40 
57 58 83 94 50 46 78 82 99 43 
10 10
55 35 23 79 90 48 57 11 10 15 
47 41 64 69 92 52 0 33 83 17 
91 93 87 78 63 70 84 68 5 50 
20 18 32 2 85 19 44 67 76 37 
88 42 59 97 77 80 45 72 14 6 
7 61 16 12 66 54 30 29 13 58 
73 26 39 46 22 40 75 1 65 24 
74 53 38 86 3 71 8 82 89 34 
81 27 36 49 21 62 98 4 25 31 
99 9 95 43 96 94 28 60 56 51 
10 10
98 3 68 64 56 86 46 79 41 69 
20 52 75 40 12 94 15 48 38 26 
2 1 67 91 61 43 49 57 44 8 
45 36 35 27 4 87 76 10 73 89 
77 24 34 93 55 18 32 30 21 83 
33 7 63 59 9 78 50 99 65 31 
74 42 11 54 84 6 90 0 81 25 
13 60 88 80 19 5 92 47 16 66 
62 70 17 28 58 72 39 51 53 71 
37 96 97 29 23 82 85 95 14 22 
10 10
95 88 47 17 0 98 69 83 14 27 
56 99 89 32 41 8 62 38 80 78 
70 84 58 18 66 68 65 33 22 29 
15 25 81 45 64 94 44 13 51 74 
53 85 90 10 36 42 55 50 6 9 
59 30 7 97 35 77 43 5 34 23 
46 24 92 26 86 76 73 91 4 54 
39 49 63 93 96 3 48 21 60 20 
67 40 2 57 75 61 31 52 71 72 
79 37 19 87 1 16 82 11 28 12 
10 10
57 3 48 11 27 10 34 91 44 45 
66 29 82 50 63 64 62 47 94 68 
30 93 4 16 70 41 76 39 15 13 
42 25 52 83 20 84 98 35 0 38 
31 87 32 99 21 43 85 88 71 54 
24 6 14 46 59 37 90 7 60 61 
72 8 23 79 92 75 19 22 89 12 
2 73 40 28 9 26 49 80 74 69 
65 58 18 95 81 17 5 67 56 1 
55 51 96 78 33 53 77 97 86 36 
10 10
8 29 68 3 30 47 86 11 74 12 
60 46 64 36 23 27 28 20 87 91 
50 5 56 65 81 0 22 37 9 80 
17 70 31 84 43 44 85 93 78 94 
92 89 77 55 13 7 40 14 45 21 
39 33 54 52 35 4 10 38 32 53 
75 59 95 26 82 2 76 49 6 83 
1 88 72 19 71 73 51 25 61 96 
97 98 24 57 48 63 66 90 99 42 
16 34 69 79 18 41 15 58 67 62 
10 10
10 91 76 14 93 64 80 52 18 59 
69 27 88 6 24 32 20 87 62 37 
61 58 56 66 39 95 94 71 9 90 
43 25 78 72 34 45 1 7 96 79 
65 46 92 73 0 5 19 16 17 77 
70 89 4 60 28 83 42 22 81 31 
74 11 26 82 98 35 44 38 99 85 
47 51 13 68 97 21 55 50 29 57 
12 3 23 41 30 53 15 84 33 36 
54 48 75 67 63 49 8 40 86 2 
10 10
18 17 6 40 38 54 90 35 1 49 
65 45 95 13 37 91 87 22 12 70 
93 26 10 64 85 53 71 24 48 4 
5 15 86 9 56 34 0 21 55 43 
96 27 60 80 39 52 51 28 41 97 
76 61 7 36 32 73 66 98 42 47 
30 72 14 29 2 81 20 62 46 19 
16 94 78 88 89 8 92 99 84 68 
33 67 69 63 75 77 57 82 44 50 
83 23 31 74 11 79 3 59 58 25 
10 10
33 81 67 6 66 26 85 65 88 24 
17 4 82 64 79 76 35 41 49 9 
77 45 7 91 74 5 34 50 86 84 
97 27 30 78 43 23 42 55 72 21 
51 62 31 95 2 75 60 10 11 52 
58 14 19 99 39 16 83 47 22 61 
93 20 46 89 44 69 25 37 13 87 
90 96 68 36 92 8 94 80 53 73 
38 32 71 1 15 57 29 98 40 59 
12 54 70 18 63 56 28 3 48 0 
10 10
11 28 94 87 5 14 15 73 18 17 
68 8 74 32 91 77 72 93 12 22 
33 66 84 30 80 40 83 31 56 6 
44 41 10 36 62 78 1 2 63 97 
58 39 37 43 24 95 61 69 35 27 
60 48 7 81 46 26 9 34 38 45 
29 19 47 86 49 0 52 25 53 89 
76 20 92 4 13 55 99 3 88 21 
65 64 59 79 98 57 82 51 90 23 
96 42 85 54 75 70 50 16 67 71 
10 10
74 7 24 68 84 12 47 53 26 66 
56 92 10 32 9 33 50 30 76 40 
16 21 13 57 15 0 60 37 39 23 
25 71 31 4 75 97 52 62 91 78 
34 99 14 61 29 19 11 72 79 35 
44 42 36 90 77 41 3 89 69 22 
87 80 85 49 67 20 28 1 70 46 
8 18 81 43 88 64 2 96 55 48 
93 51 73 6 45 27 17 95 54 98 
58 94 65 83 82 86 38 5 63 59 
10 10
2 37 27 48 60 10 81 70 30 89 
45 85 9 73 18 86 47 40 41 7 
96 59 74 26 0 20 17 23 61 72 
28 29 44 21 84 42 54 71 13 78 
80 16 8 56 24 3 46 62 34 4 
36 43 15 75 57 11 52 97 88 14 
51 38 99 31 50 67 93 83 76 63 
58 5 95 19 64 35 25 53 6 87 
12 82 32 55 49 39 68 77 92 1 
91 65 69 94 90 66 33 79 22 98 
10 10
94 80 12 43 40 69 34 87 90 85 
75 41 55 32 9 44 16 31 74 35 
98 19 17 73 3 66 48 8 4 76 
33 29 2 11 14 68 59 82 84 96 
7 67 42 62 95 63 77 13 28 18 
56 47 24 54 97 53 21 20 93 58 
92 71 10 39 60 25 1 23 65 37 
46 45 79 5 36 52 89 30 64 61 
15 22 99 27 0 83 49 26 50 70 
51 78 88 91 38 72 81 57 6 86 
10 10
45 29 27 34 82 31 47 28 56 35 
22 69 77 68 58 91 52 65 62 76 
81 0 44 16 98 7 23 67 89 73 
88 26 85 70 14 10 6 66 80 37 
32 8 17 49 4 75 99 48 60 20 
19 61 36 59 57 30 43 15 94 71 
41 1 50 90 2 9 96 13 33 25 
72 74 78 95 64 46 79 38 93 5 
42 51 18 92 86 40 97 53 3 63 
84 12 21 55 24 39 11 87 54 83 
10 10
76 19 81 15 69 55 3 80 20 49 
9 26 12 72 64 87 25 35 50 52 
32 48 37 34 4 83 92 85 89 6 
67 31 2 13 91 97 66 75 29 17 
28 78 60 63 59 54 42 47 73 61 
71 58 39 94 16 65 27 14 74 38 
45 43 51 22 5 1 18 90 62 41 
96 57 99 36 95 53 21 86 68 77 
56 8 46 23 10 7 84 24 82 70 
93 44 0 88 79 30 33 40 98 11 
10 10
50 60 53 48 16 80 78 11 58 49 
70 13 95 38 64 28 29 92 6 71 
67 0 40 5 96 52 36 57 72 35 
12 24 44 19 9 83 46 56 21 2 
79 77 20 14 37 42 91 45 1 51 
55 15 62 97 39 27 66 81 22 90 
54 63 93 32 61 34 86 23 76 8 
94 25 18 98 41 47 69 75 73 7 
17 74 10 33 82 87 88 99 26 84 
43 85 4 68 3 31 59 65 30 89 
10 10
73 95 93 36 40 26 53 85 0 14 
69 78 55 42 15 97 71 89 92 77 
17 38 5 66 8 20 74 46 79 63 
2 44 51 30 50 83 24 88 28 33 
3 48 41 59 91 34 35 54 84 27 
98 60 19 12 75 64 43 80 76 32 
81 9 52 7 86 94 10 68 58 62 
25 49 56 21 87 18 65 4 67 13 
39 47 82 16 57 61 1 23 22 45 
90 99 37 70 11 31 96 72 29 6 
10 10
67 1 89 51 29 54 34 83 75 80 
70 74 71 52 22 56 93 33 19 46 
55 78 69 64 40 60 58 90 42 63 
94 43 45 61 99 23 41 44 13 38 
39 85 73 59 25 27 92 87 32 36 
14 16 35 96 26 18 77 81 76 48 
17 68 21 2 88 47 66 15 9 91 
10 37 49 20 65 3 53 82 5 24 
95 4 28 0 57 72 98 30 84 11 
97 62 79 31 6 7 86 8 12 50 
10 10
69 49 50 48 54 30 21 78 66 3 
1 59 80 42 9 56 74 99 39 6 
60 4 55 32 35 98 26 2 29 76 
81 12 79 44 19 63 38 18 95 43 
71 73 25 72 41 23 40 65 27 90 
11 24 94 96 45 20 5 68 53 46 
83 85 47 57 7 75 8 28 13 36 
34 91 64 33 31 37 58 97 70 86 
16 89 88 51 0 93 61 17 92 84 
77 87 62 67 82 15 14 22 52 10 
10 10
90 66 75 62 30 77 0 14 83 88 
58 74 15 13 45 18 1 44 93 86 
97 96 92 64 29 70 24 46 43 40 
41 32 76 67 60 23 38 42 79 2 
17 36 26 4 94 31 6 25 27 5 
71 8 3 47 72 9 95 39 12 89 
80 78 50 33 52 11 85 55 28 57 
84 61 53 63 91 35 87 81 98 10 
49 82 73 34 7 19 56 54 69 16 
22 65 59 51 21 99 20 37 68 48 
10 10
3 77 82 71 60 63 79 55 41 96 
66 6 5 8 91 7 17 12 93 69 
58 22 98 18 23 9 42 19 24 86 
74 14 87 70 54 11 62 90 4 28 
51 81 40 76 83 44 59 27 49 29 
72 88 37 57 32 53 10 46 78 43 
94 65 20 38 30 61 0 35 13 89 
80 31 64 68 21 92 73 47 39 36 
34 50 52 84 2 99 56 33 67 48 
26 97 95 75 15 85 1 16 45 25 
10 10
86 5 39 38 19 77 56 94 71 68 
93 58 47 21 0 44 78 31 6 91 
53 97 15 30 29 70 76 16 51 95 
49 90 7 42 82 41 14 85 46 60 
61 3 87 52 36 22 2 80 66 27 
26 55 8 11 62 34 50 67 79 17 
83 75 35 24 9 88 54 99 4 81 
59 28 98 74 72 89 12 20 25 40 
23 37 64 65 10 18 69 32 45 48 
13 92 73 33 1 43 63 57 96 84 
10 10
90 86 77 36 70 68 21 37 40 19 
82 92 25 1 61 10 48 46 45 6 
95 51 28 57 7 15 5 27 80 23 
83 72 94 31 49 38 4 18 35 17 
50 99 44 66 73 87 76 56 41 98 
20 63 42 89 30 75 91 60 85 93 
54 62 39 81 55 74 43 12 47 97 
64 88 79 9 2 13 26 58 24 34 
71 53 33 0 32 96 8 69 52 29 
84 78 16 14 59 67 22 65 11 3 
