1000
16807 1
75249 1
50073 1
43658 1
8930 1
11272 1
27544 1
50878 1
77923 1
37709 1
64440 1
38165 1
84492 1
43042 1
7987 1
22503 1
82327 1
31729 1
78840 1
42612 1
44303 1
33169 1
17709 1
97157 1
29560 1
70933 1
93099 1
80278 1
51816 1
95335 1
99097 1
7826 1
13512 1
29267 1
23810 1
77633 1
80979 1
79149 1
36579 1
58821 1
11967 1
10672 1
1393 1
19336 1
25485 1
91745 1
25228 1
94091 1
40194 1
86357 1
35001 1
21153 1
16708 1
57944 1
15668 1
71490 1
88124 1
2196 1
9530 1
60903 1
27722 1
54666 1
28549 1
18024 1
97801 1
6853 1
40977 1
47408 1
8228 1
74933 1
60298 1
38981 1
28635 1
8013 1
23865 1
89814 1
39063 1
54536 1
39425 1
1669 1
24115 1
20094 1
75629 1
46501 1
46517 1
34195 1
30105 1
10404 1
19451 1
94298 1
82188 1
21123 1
99505 1
46882 1
6752 1
31566 1
36716 1
30337 1
54438 1
53144 1
44899 51503
55830 83873
19360 11139
82399 53179
77906 22296
46233 21611
44177 59747
66300 53637
80401 98144
90414 27970
73559 262
88010 41596
25970 16397
4532 19115
10964 71008
85367 97944
79854 42084
33823 30769
24714 85697
59903 73673
24833 48592
53059 14740
19792 31618
10681 55642
77008 37337
36100 97974
75321 49097
45225 83456
56762 12291
86128 48907
29508 36125
76772 45815
29096 35240
87846 96222
40536 12368
15396 25228
18740 41365
59592 7846
45161 36552
64949 8625
7219 97387
55541 95274
42387 99249
94887 13498
82422 40625
31970 28146
99917 35737
63536 61627
96013 46044
24154 54681
77297 75246
90398 78820
1817 87694
40035 12993
19399 22671
10549 89555
21212 75827
30213 29664
73379 33810
627 22763
1870 37337
2778 77997
97441 62769
89333 29876
56303 40558
562 68874
18986 20096
39791 13757
28017 51409
22771 30195
3457 15682
67508 16857
33504 70965
63110 86678
2333 63251
87640 77846
39999 60810
54851 28653
95733 45205
98016 96533
36777 95421
30182 42011
95225 87931
88262 44056
91547 76739
37527 47319
34258 4202
60599 21566
37706 6650
25152 25552
1414 41978
82799 38556
48383 2506
7067 34750
47701 59380
25131 78211
65485 78555
64609 50449
45324 80775
55178 64307
27226 70055
80368 84632
60446 5402
70287 95372
93900 83018
41135 8157
96578 15559
58268 53180
21713 87359
20616 27880
95739 74821
20593 83135
48764 23722
76199 6635
38590 76033
54875 60591
37306 98879
61202 79360
68962 77256
93949 14917
7732 45482
74548 69957
41240 37109
84928 40002
74859 45037
50116 61115
1362 29595
68420 98356
42587 25359
21017 13731
6104 76565
86645 60919
62969 19421
45271 47749
23305 55397
19105 4475
24387 11750
63461 5660
73932 45408
85134 39826
59605 975
7922 46899
35233 3952
20205 88482
24522 13902
81260 62535
18678 17005
23936 20952
79881 58782
82576 41834
74544 33551
52773 6251
15881 66312
69972 985
82725 92042
2973 73652
90320 53231
10301 17748
85623 87232
50126 70778
76960 68246
66773 47698
91562 29066
18753 56600
64505 69942
92803 89553
15082 27207
59276 80420
40415 59651
19027 83322
1785 22014
24119 54790
81552 24010
19197 65326
24513 51259
38668 35692
60595 62412
9567 90555
28744 90962
54354 51405
56143 7309
13202 44912
43129 92801
57789 20173
31627 34416
19519 16643
1844 55350
15976 14317
11375 81447
39913 72222
45056 9241
56931 41307
54191 82255
4358 15168
59862 59306
5594 45900
66118 1722
98869 51582
26941 49354
94903 78700
16618 60813
48673 56893
26673 31730
77047 51663
20242 3122
99455 17160
85352 69629
35565 53713
7535 29596
7829 1729
19533 98797
51518 37444
78517 85008
42603 66926
68663 27099
34326 67105
44938 80110
17017 2283
63218 43712
75975 1907
82722 67783
81171 70793
15829 97867
16730 29538
20386 57127
89951 80169
16048 478
68668 21578
60522 77469
41993 27386
33260 25212
68746 28213
85720 19520
66827 21936
58691 80769
73016 49820
2920 11827
33031 58030
6729 78036
33756 51242
8398 86542
3085 90937
46867 48050
15254 87013
77878 53066
32677 17239
82712 70247
28194 70417
54749 24712
1301 63039
49717 68449
59581 41695
95166 67131
53503 33981
10291 95527
14035 74960
65091 11802
35219 87672
21040 80848
40340 9545
3323 85938
36498 97721
43790 91249
25989 28361
65237 45037
85686 83914
83786 45991
22669 63736
72617 521
65978 67047
65827 26663
71633 82821
72700 22905
92641 36800
9505 14006
48767 681
4109 7393
14367 64926
14456 57123
27452 77108
30834 51705
32143 71034
81979 61656
53902 42219
73467 57291
3624 84749
59319 89881
64050 1518
21031 82764
52710 49041
2659 5905
75754 10763
8623 61468
6998 44559
66932 26957
45557 21496
29314 92223
31429 2295
77446 42234
2200 34793
44858 49154
64305 73572
12916 27441
26768 35801
81923 91837
22754 46045
89721 74088
68412 39152
44671 18625
49945 9607
22433 37313
39818 77994
86973 38701
1372 80641
79893 25838
94835 82859
18179 83330
17685 74412
23491 85178
70436 72093
26906 84713
64893 91028
524 10792
6892 59366
16815 24886
7129 41443
85786 16181
29872 94539
32583 87563
45804 74167
67334 57734
59761 47856
72379 9849
79012 40464
98152 43821
943 13379
26722 43838
96114 32301
19958 34761
36154 74392
95016 30050
14920 59046
50103 40152
19823 41297
44503 95733
54963 28247
3512 46059
50807 93930
82139 62175
39098 9671
47423 4505
78520 18677
76491 24302
32056 40264
58645 68265
45252 24891
69417 76737
52496 31366
67760 50965
85094 85654
66716 57318
58062 61422
63370 7452
91849 78743
4789 99198
88236 2503
70573 93130
87877 77450
41873 17255
62295 69331
73473 33721
25766 38822
42632 81081
88082 94412
63344 66115
48384 98140
98830 46046
63577 98395
9002 982
5949 45598
66089 67372
52735 6545
90263 62854
54402 76826
70780 82382
73425 71859
67016 59500
61664 52847
26612 68511
9220 96851
75057 19292
18557 85745
6536 36387
77323 86277
21228 11153
94461 75253
16716 32785
37881 66439
14102 7700
94287 83139
18286 45880
64917 70344
63069 45962
10709 35142
20730 43568
66365 564
42892 41971
22280 12625
45763 17315
34842 27012
46002 76980
34509 7396
66553 87658
93433 61788
80741 54546
7586 8778
74110 74254
91456 75516
83030 95021
92372 66673
67949 56665
24545 84026
6010 16856
80554 14983
68165 86290
11021 8361
95358 55381
8489 19463
43901 8355
94246 85790
82468 69882
65276 38285
18911 238
21836 98569
69686 47941
89551 69653
47469 9268
19591 112
97775 86329
89297 25583
37876 7938
58233 45437
83030 66974
39072 19800
66299 74589
2648 69091
58113 29092
57465 66614
23783 72114
29232 51953
53215 3323
71952 55130
88961 28602
89994 49756
3332 55196
53561 48634
67781 58779
63274 18634
39083 86385
32624 37155
97958 98523
75593 9820
198 66902
62706 74122
7131 33601
59177 27146
18418 40872
47082 4601
64290 74620
48130 79454
87664 52802
79151 44842
66585 86387
30661 24517
45961 14880
68384 18563
84056 28050
51383 49442
2030 18772
67546 40253
17597 5871
22712 72471
5925 8174
56221 52127
61433 98852
47848 11245
66672 25871
94612 41396
31066 26394
59363 9526
93622 39521
71663 81564
79436 3727
22092 5951
86262 37324
59930 60095
16383 85124
66470 26368
12724 71025
63519 66641
69366 8795
61958 59180
88343 56773
60838 51357
79730 68491
74904 67122
39618 10314
53948 33349
2674 32853
46525 25813
82607 91738
80635 29609
91555 87868
97927 41414
59155 14042
21735 34259
88141 88297
61260 42253
94162 92696
49931 51140
4600 19877
25635 94294
43278 14564
90648 93238
29466 83875
42194 27486
33844 54121
78861 99330
44147 264
27129 5718
8750 92174
74372 44002
61294 61400
8930 89547
92145 12302
73565 52194
44274 14785
84011 69803
14488 46223
15771 24515
45359 32533
49488 45821
39818 46858
9756 64256
62617 49816
62968 66539
58879 47299
77414 25762
38233 80193
12465 54176
80326 14879
27835 94786
59529 6752
77431 45001
12146 99611
72453 55366
51981 32814
32409 24136
67602 93585
88312 14261
15893 755
73227 79323
13931 65255
30555 36098
84860 30663
22965 27493
40770 42922
16528 81689
35221 55474
38206 55643
88094 82953
81372 58447
41964 49476
25319 96178
58415 25828
62573 23346
51037 85981
57290 68131
980 59850
17725 5619
19510 47840
94928 88931
71808 29970
32257 25201
23278 59831
27898 3490
61866 2821
92418 91139
4493 80320
18400 80685
19750 91122
5653 89963
75979 11020
18663 79948
12230 31480
25237 25065
91310 71508
55681 78970
7325 4121
79394 49679
56980 78955
89297 51855
48477 8273
66964 40206
8821 28034
34037 83533
52470 9470
50236 52612
6780 67272
69047 6267
89077 43281
12689 75329
59039 25365
74536 75768
18677 3085
59557 26186
17401 44158
52095 63666
20635 57888
88049 44926
71332 196
25667 36769
31684 6912
96316 56807
76243 79654
37593 73587
64762 97808
914 17962
63432 10405
14202 1087
84469 48587
3990 30486
95688 55202
45497 80102
61104 28201
67185 4430
7138 93919
74491 87804
39727 56580
46724 20791
40607 60597
38693 42321
17776 20723
69864 98516
71285 75708
16421 34628
94332 23803
52377 97646
1464 23260
46738 3133
8310 60722
86949 61026
88413 80510
56002 19399
61898 78316
95647 34001
14964 92535
13756 80541
94288 58823
12 76538
78175 14664
6637 14495
84573 74990
4823 6840
98415 64893
89959 50562
58745 44094
32770 89777
417 30415
19893 16638
54371 23349
24136 54834
95145 28930
10908 40881
25809 39056
35205 32539
27449 4423
51951 51036
67761 19418
78552 81940
52188 35185
59687 81098
97924 70526
29183 60365
33253 73014
35497 72204
33456 61538
46982 2210
20832 8033
66716 32097
12138 13114
22011 29939
42921 15687
69612 84383
11611 99910
32869 99441
11268 96121
44522 75001
42579 74517
97144 59924
35883 3982
10032 26887
12438 56327
43947 46996
23235 52604
63458 28482
76519 92836
8783 98883
62807 33460
74162 74994
16203 48653
53946 8544
7557 49637
57445 21874
37015 47324
84783 78443
69520 85781
61731 47162
59084 64957
3034 29366
59197 19315
22506 34330
37713 19857
11612 3883
92553 99906
96763 77618
45407 48866
65115 32124
48638 4945
52996 85120
53745 52190
74504 17641
55072 70345
48214 36221
9934 3319
74099 27784
47075 47861
44821 35592
80913 44012
34980 53017
96047 28544
60564 48272
73985 3010
40711 31101
18552 38215
54667 42953
51619 3504
35301 14955
7586 17918
67444 11871
41517 23505
7259 74331
90266 13384
5156 9354
16029 32528
49261 78757
7388 2954
59131 67424
95551 43788
29200 41881
98605 78892
32445 14688
93587 68829
88589 200
34033 70819
67463 73478
50216 31565
86834 6385
25513 29724
82873 32793
64735 6144
78032 31555
78706 22382
98889 64917
66683 37112
48788 11560
4042 11435
21938 62661
76940 17564
54528 49756
29714 33528
98623 27597
10343 81179
83056 69160
77199 6022
32453 64729
10334 59464
806 22939
54407 46059
99945 909
56541 94260
83699 17345
32967 22283
75607 81459
68414 90119
90186 85626
20301 61461
14742 42218
87848 96853
76895 92924
58051 38617
93651 51363
57798 17233
50698 26125
95252 87446
72433 96240
15937 59361
77803 21267
32439 18389
15122 63950
23896 15426
27905 42777
16288 34991
34145 90847
16334 57259
85580 13263
84204 57106
78222 57033
78632 84688
62369 38645
3846 5650
29751 97319
41275 70127
45418 7865
15350 46682
50959 60981
52707 86816
33309 72191
74529 94907
83717 13616
98899 79310
97497 69451
9028 56031
84400 87868
46664 58987
98855 77520
16205 70581
10725 13385
53223 30561
79036 21176
40704 22677
63281 89438
94752 42917
88852 13015
2950 72494
82983 84085
43210 25849
10180 32708
58269 42308
33912 4116
27360 84472
24948 28619
77658 22306
33639 49665
91736 49900
68510 48658
59115 53014
76726 96282
84615 79106
39964 52075
64379 92981
91149 48271
19755 5633
38741 25635
51196 52522
89426 77599
84960 36873
88950 93322
37403 28020
6394 20519
23582 12615
87942 91358
3870 88596
82465 35672
65136 21651
39873 76427
85652 91893
30012 81219
16527 42656
5496 63903
98036 96394
92548 24972
36123 56189
83591 31567
54867 12973
12112 71162
28111 40777
23325 69696
18476 31536
55496 34416
46877 40425
21359 73079
5224 25629
90174 85576
24041 98841
54419 68185
33892 50532
94898 82608
85897 2014
17518 31940
